,allergies,anxiety,bloating,brain_fog,breast_pain,breast_swelling,brittle_nails,chills,constipation,cramps,depression,diarrhea,dizzy,dry_eyes,dry_skin,facial_hair,fatigue,hair_loss,headaches,heartburn,hot_flashes,incontinence,insomnia,irregular_beat,itchy_skin,joint_pain,memory_lapse,mood_swings,muscle_tension,nausea,night_sweats,nipple_discharge,odor,painful_intercourse,ringing_ears,sex_drive,spotting,tingling_extremeties,uti,vaginal_dryness,vertigo,vomiting,yeast_infection
allergies,0.9999999999999988,0.18848303841037223,0.21849771083957242,0.14224758335099347,0.07642649114408906,0.03410473048015374,0.1658689876885388,0.059814175432182384,0.15015004847098357,0.009799483560866778,0.06846238534058345,0.09703325561734862,0.14452822701788,0.33206912531723537,0.2852792284829012,0.14337115891604074,0.26438763167932816,0.05970975407738386,0.26119519208298375,0.16820135387454338,-0.0537877176075421,0.09687432125873402,0.16293911864519137,0.04675849471627109,0.25548567712587195,0.2376427300659473,0.13337532958641674,0.06696894404925775,0.22336414565845414,0.056750615097337545,0.06982995569340902,-0.01662328076227894,0.06823003050097938,0.03624788411004998,0.0968402793967906,0.11577255684247854,-0.012191098242278044,0.11747414769152476,0.02345334571171404,0.20685837028971812,0.09783441888637877,0.021149770311417983,0.08757952714592808
anxiety,0.18848303841037223,0.9999999999999994,0.13957666938476934,0.29979868952187005,0.10243714793379916,0.039705081048105974,0.24940715153233833,0.12250791466588166,0.09157840458700317,0.09628619739436242,0.444640825821124,0.18439662667321324,0.22648627520486486,0.15148129837374827,0.2680037985104395,0.15225335308668198,0.3868894566557449,0.20889468196722027,0.21456598941312838,0.1602373003768898,-0.06331276530988282,0.0803036588587943,0.2753054097602449,0.0706038364619608,0.19352642550054203,0.27674557041937314,0.22918344787771439,0.3898811025957515,0.3296471521571389,0.2068254394919566,0.06980873900948786,-0.0047339078379061,0.09818828318301712,0.022906401399023443,0.1524230330258178,0.09403058349829477,-0.004085427539037317,0.19315703584592425,0.08080376616559572,0.06885952243877341,0.13493326293708371,0.1953010483529685,0.03273723570567903
bloating,0.21849771083957242,0.13957666938476934,0.9999999999999984,0.22608307221228152,0.10681523294826414,0.13510904969922133,0.24767228612900183,0.03311484027068059,0.3210443837711679,0.10025045838883628,0.04450848723241647,0.12625128293052099,0.08722961451346517,0.1638122800226238,0.2123811460686963,0.1114282640905779,0.23108135854659123,0.09314265376677829,0.12031817041241559,0.24557892462217468,-0.062300908970552404,0.11078529550869584,0.10251606572407483,0.017189309043145244,0.19065899006083412,0.1957522182650673,0.23223156385846375,0.1296335708798276,0.21514507196294985,0.0718134132388946,0.09081853819207802,0.2069166680724829,0.04857231855662895,0.11431873726668365,0.07165817265266167,0.10312911732992137,0.28809611525792017,0.024929098932464058,0.04962895721562955,0.16581514911937376,0.03310357113052197,0.011365760656319748,0.042569291575031025
brain_fog,0.14224758335099347,0.29979868952187005,0.22608307221228152,1.0000000000000009,0.03298990858484611,0.05020418483468345,0.25465608586241056,0.12920289549008815,0.242730545223897,0.03103609818443673,0.31312772248415266,0.10391591646639356,0.272888358310495,0.20399343650619475,0.2567033206694397,0.115096219906475,0.4973623246047882,0.18851382449466397,0.17147965920549432,0.1201459687670013,-0.03824820662634854,0.08541157590430508,0.22606273424519432,0.09674909276546034,0.200446296648968,0.22166210308497925,0.496311062768582,0.25553965567296166,0.2794145076616305,0.10526989979318167,0.08659849609446048,0.1669948691500213,0.1232060263860372,0.06757922027810782,0.09914443164423667,0.2090408518356472,0.007760102156331748,0.11686152550044922,0.07127811312071046,0.15749128369739196,0.076636490387324,0.030912722099273607,0.027000895795208327
breast_pain,0.07642649114408906,0.10243714793379916,0.10681523294826414,0.03298990858484611,1.000000000000001,0.2948702967996746,0.0674120937430436,0.03886381149141075,0.027626940180154828,0.1470650616841014,0.08890478959419124,0.07980528447804419,0.11798899841364495,0.10700201832316436,0.09500772841504808,0.004306075648826962,0.11617365894489419,0.013087667658943702,0.14001423008515326,0.07956988282087936,-0.03745971264401596,0.05079171724284593,0.07935143524610044,0.05790734391024927,0.057094710477452286,0.07047841543487922,0.020233868462966997,0.18804687156030933,0.10808827192494176,0.1034713101210407,0.015602836323028915,0.023120301136910954,0.0650067758628219,0.018093912870718137,0.04932894570560214,0.03929988537396839,0.10897177563896977,0.05202825583734021,0.011063293894898518,0.08353011177835423,0.06433748976899123,0.0427881948458109,0.13272129274213476
breast_swelling,0.03410473048015374,0.039705081048105974,0.13510904969922133,0.05020418483468345,0.2948702967996746,0.9999999999999988,0.02928780343901954,0.03870055614315033,0.08794418720606667,0.033167045525587774,0.03589391093327283,0.05710100455166077,0.053395391413045515,0.022017104113793585,0.10989299312461426,-0.003156785230867819,0.016274282488043846,0.07225668062576761,0.04087560712752499,0.01837878006372039,-0.04458621579726874,0.07074328818057513,0.03290867863722732,0.016558713961948204,0.018614740332885293,0.029982915764799258,0.053415832977893915,0.03780765224054755,0.03711559763564281,0.024148424311778133,0.02373126053444314,0.1621321840186901,0.05698368857616331,0.06285195521343936,0.045256326352168925,-0.004143226340482043,-0.012389268977217224,0.012981931362248096,0.027144768257529723,0.05012145961139764,0.05536637682494313,0.05000068377320685,0.09474254392927876
brittle_nails,0.1658689876885388,0.24940715153233833,0.24767228612900183,0.25465608586241056,0.0674120937430436,0.02928780343901954,1.0000000000000018,0.08962690269791286,0.2236752682287657,0.006337459380047341,0.23852897223208516,0.08001975853846062,0.17009277773980183,0.3089573728941184,0.46704958073484826,0.2775437705851877,0.29504827200235134,0.3726875663674466,0.1196733788129905,0.09081681333305482,-0.06704264756103187,0.1701371419998928,0.10310159259327994,0.043176147706409776,0.3145230230625153,0.3156872735088808,0.30923987991219454,0.18460370494286368,0.3991958363652229,0.04300300944049373,0.03029579714358679,0.043553396114148844,0.06942428791188734,0.017801111023416086,0.17526078379691934,0.09666651231928217,-0.01454971497401569,0.20206061852322663,0.014781858299486387,0.2498806592795484,0.02562993489424179,0.006993447935494856,0.05998094491806554
chills,0.059814175432182384,0.12250791466588166,0.03311484027068059,0.12920289549008815,0.03886381149141075,0.03870055614315033,0.08962690269791286,1.0000000000000007,0.10024460897264045,0.022650254755811016,0.052994750511257994,0.07059052323197833,0.1268190386852851,0.15736471226248122,0.10781518483502671,0.171750241800116,0.11598988230623625,0.05798247154983295,0.21570350290722,0.01783689896808993,0.10248335820078473,0.024258057342418322,0.16754278196566438,0.4535375495150016,0.15116321832345792,0.09001443165615287,0.058314120796216506,0.1372473910283919,0.08822820310981883,0.09223770007428438,0.15812005846999017,-0.011311298055461041,0.10902436687896806,0.07177592068648989,0.03130576551098191,0.07458854164562055,-0.01013484995193511,0.13544837575388236,0.005016517061939561,0.1399374360604598,0.0148746560472969,0.05945333966493059,0.006216925806261727
constipation,0.15015004847098357,0.09157840458700317,0.3210443837711679,0.242730545223897,0.027626940180154828,0.08794418720606667,0.2236752682287657,0.10024460897264045,1.0000000000000022,0.011155428069931065,0.13008651736984508,0.06545976769188065,0.12985087290784422,0.1586538580258958,0.1937000647194768,0.20140719666587426,0.196953825719353,0.12889952889550335,0.1505711130687869,0.11641693210825868,-0.044473817272965045,0.047844721817273984,0.09658734629959774,0.04689046646578726,0.2955419792964285,0.20244809254760246,0.29301920716495194,0.10830893445560727,0.23242442451261208,0.06847511820038124,0.08021228518385233,0.19386411880098678,0.05900775850189266,0.09083909872802963,0.12346492457498975,0.15273578601042684,-0.005140215647653536,0.100142435899011,0.025936670743398796,0.3001423890730394,0.0627773040328853,0.014327651519300499,0.0966166059262532
cramps,0.009799483560866778,0.09628619739436242,0.10025045838883628,0.03103609818443673,0.1470650616841014,0.033167045525587774,0.006337459380047341,0.022650254755811016,0.011155428069931065,0.9999999999999992,0.029097924649726443,0.09432913290437595,0.0487874582715254,0.004047374009802393,0.03933612577660816,0.058861488903950286,0.1024249739054514,0.011300385703485486,0.05542450747729372,0.03636465037227191,0.003573833403047174,0.013581212771609405,0.002427023159737605,-0.01746937258140213,0.030811332315113626,0.008168780433610408,-0.0035670661938657614,0.07491671152306796,0.012761357245496041,0.10764514286048239,0.01700674764795205,0.0262532655474846,0.05972001409180669,0.02859815913719883,0.02344262742254558,0.02785370388803678,0.19054805370734806,0.0025104828535705906,0.028892772811196527,0.01339478579494129,0.013381948532208992,0.13275860938204578,0.07292219602091107
depression,0.06846238534058345,0.444640825821124,0.04450848723241647,0.31312772248415266,0.08890478959419124,0.03589391093327283,0.23852897223208516,0.052994750511257994,0.13008651736984508,0.029097924649726443,0.999999999999999,0.150722856147804,0.17108280211280405,0.09904593770948768,0.2360204036943271,0.19433179046670015,0.3870590598566624,0.29112771898916234,0.21874528075305427,0.1357138346191911,-0.0616063850260859,0.10547358754492656,0.27240486818898557,0.05202003545934563,0.20760660014795224,0.22282373814259587,0.21432931026971258,0.38981948093543994,0.26381849311913064,0.09963677845504398,0.005667696529366777,0.04935562209139208,0.13683716289028522,0.02955588357705868,0.19808587710859568,0.13430212995990012,-0.010593721061685093,0.19194627851646948,0.07996023734555328,0.030868875711142642,0.10067168197958438,0.02808900991616188,0.038726235571049095
diarrhea,0.09703325561734862,0.18439662667321324,0.12625128293052099,0.10391591646639356,0.07980528447804419,0.05710100455166077,0.08001975853846062,0.07059052323197833,0.06545976769188065,0.09432913290437595,0.150722856147804,0.9999999999999994,0.12602652235360426,0.08803554192966433,0.16393152096402402,0.14287533963820864,0.2165282967361669,0.13362977626555037,0.17659798298127624,0.07566721244546809,-0.009206433700241764,0.11670564932683707,0.08503913107425591,0.06755922493208694,0.18663381555125905,0.1629196394959901,0.07718322616621631,0.16270253119611822,0.10516604532536761,0.26694727965799225,0.023467785010268666,-0.0022107224480694583,0.10568378139382406,-0.012283944899876732,0.05906523525899247,0.021368952529419335,0.01316955103833821,0.10715806800626448,0.1043570792926526,0.07432426366759359,0.14823809184240486,0.17877702544473392,0.08572165620632914
dizzy,0.14452822701788,0.22648627520486486,0.08722961451346517,0.272888358310495,0.11798899841364495,0.053395391413045515,0.17009277773980183,0.1268190386852851,0.12985087290784422,0.0487874582715254,0.17108280211280405,0.12602652235360426,1.0000000000000004,0.15199052672576382,0.2561211642750282,0.03645260782419404,0.22813533451196108,0.09620772271361046,0.24481964905835993,0.08386472536670987,-0.04526407386304218,0.08245533437426879,0.09018681435106944,0.10133919476957821,0.1884503022299552,0.13374527680901466,0.13007705852975224,0.14363723176311807,0.16261573856070058,0.17734765403942532,0.013470862155966533,0.013756665359476807,0.08697648994213596,0.012337411694569402,0.100767884847486,0.06832774603436222,-0.0063655596791462755,0.27884914786410564,0.05135647371966021,0.04950016071386854,0.3047463769050374,0.07299329465990424,0.03907818978624975
dry_eyes,0.33206912531723537,0.15148129837374827,0.1638122800226238,0.20399343650619475,0.10700201832316436,0.022017104113793585,0.3089573728941184,0.15736471226248122,0.1586538580258958,0.004047374009802393,0.09904593770948768,0.08803554192966433,0.15199052672576382,0.9999999999999986,0.5019403590433281,0.28606408195469213,0.3547382535613466,0.1619448171752407,0.2445616790909167,0.12437121988169617,-0.043869613433214244,0.34157473338818395,0.15936283945269686,0.11390336619926121,0.28565602471874174,0.22401591924688488,0.2117943340081038,0.05954989554487981,0.2870440104873024,0.054351618131201034,0.06435346675564266,-0.015412268540322321,0.06047644986196804,0.025035604845077965,0.1315951267370567,0.15828009948067978,-0.012545702828427905,0.22902155812106434,-0.00011429054678864208,0.3874745984834523,0.06409845826181905,-0.01456738894824143,0.05054468946360385
dry_skin,0.2852792284829012,0.2680037985104395,0.2123811460686963,0.2567033206694397,0.09500772841504808,0.10989299312461426,0.46704958073484826,0.10781518483502671,0.1937000647194768,0.03933612577660816,0.2360204036943271,0.16393152096402402,0.2561211642750282,0.5019403590433281,1.0000000000000024,0.29542493722391894,0.3351945667292187,0.3607183595288332,0.14221941704226373,0.09076774025494341,-0.08061415461881491,0.32548926100128567,0.1956572526057934,0.04023474305700058,0.4388091741193365,0.32373654538732444,0.22796461842114607,0.19545277419613286,0.39489436774238657,0.03494759120306237,0.08285740350025189,-0.0006330889009711353,0.07759478906025158,0.10593107283002219,0.18728019524494402,0.14457658720194663,-0.004138577058634546,0.20487125507024942,0.02195073501072948,0.28435809995298117,0.054748091608986,-0.0036963777769667555,0.11078965452914045
facial_hair,0.14337115891604074,0.15225335308668198,0.1114282640905779,0.115096219906475,0.004306075648826962,-0.003156785230867819,0.2775437705851877,0.171750241800116,0.20140719666587426,0.058861488903950286,0.19433179046670015,0.14287533963820864,0.03645260782419404,0.28606408195469213,0.29542493722391894,0.9999999999999996,0.3327736216513569,0.28310456655375177,0.2212414726777223,0.09014650328915456,-0.05523562944326152,0.23141782188898427,0.1389273230265888,0.05102810756691312,0.4969249466142075,0.2245719834244163,0.11156280863339774,0.11126061783368897,0.19389213858143273,0.020684091599012407,0.0019293732867353712,-0.005550582482295457,0.09284910001041138,0.14903629354292192,0.19053940907004574,0.15881016981598217,-0.013920912163293997,0.20323146269465847,0.025227142176903247,0.4612143972510855,-0.006080571574950996,0.023946336542744334,0.007600801515486488
fatigue,0.26438763167932816,0.3868894566557449,0.23108135854659123,0.4973623246047882,0.11617365894489419,0.016274282488043846,0.29504827200235134,0.11598988230623625,0.196953825719353,0.1024249739054514,0.3870590598566624,0.2165282967361669,0.22813533451196108,0.3547382535613466,0.3351945667292187,0.3327736216513569,1.000000000000001,0.16749238143067224,0.42646234885074186,0.17242907141789535,-0.02876054160133463,0.1758154079072945,0.3179322085177379,0.056669514099334635,0.3682131771536978,0.3693738614179659,0.24717909126287949,0.2931729601525597,0.3607934368706761,0.10590858488655608,0.08555611768615275,-0.012562206961990544,0.0776038739784798,0.07021038872695338,0.14830100362165177,0.2483719247161378,0.05604640031501691,0.2795372853056272,0.12457719373269156,0.24417968978791613,0.11575055596471683,0.03156945239968295,0.07579940801459258
hair_loss,0.05970975407738386,0.20889468196722027,0.09314265376677829,0.18851382449466397,0.013087667658943702,0.07225668062576761,0.3726875663674466,0.05798247154983295,0.12889952889550335,0.011300385703485486,0.29112771898916234,0.13362977626555037,0.09620772271361046,0.1619448171752407,0.3607183595288332,0.28310456655375177,0.16749238143067224,1.0000000000000009,0.06314696369327506,0.061761290425979234,-0.08473083190374972,0.16305942764675718,0.16419932026517284,0.03379623463549304,0.1763516259749986,0.20188657831270743,0.2157198034982584,0.16477483988006772,0.27738701247507297,0.05708588868853877,-0.003327040368458964,0.06917135817659877,0.08417936677532659,0.0989583018327243,0.18216476051632255,0.11146817414231122,-0.022083464355207815,0.16532735717764568,0.08652512033397708,0.13834574311168427,0.07951048938186803,0.03700214140541312,0.044429807042444126
headaches,0.26119519208298375,0.21456598941312838,0.12031817041241559,0.17147965920549432,0.14001423008515326,0.04087560712752499,0.1196733788129905,0.21570350290722,0.1505711130687869,0.05542450747729372,0.21874528075305427,0.17659798298127624,0.24481964905835993,0.2445616790909167,0.14221941704226373,0.2212414726777223,0.42646234885074186,0.06314696369327506,0.9999999999999984,0.1202083812005502,0.048767503419325994,0.10400694495567643,0.2910513120659698,0.11408009561130908,0.24112054551806103,0.19535641009949592,0.11930889379088541,0.18432605810473904,0.17678482642632679,0.15332796215592256,0.09167741479910461,0.022045865358410528,0.06069855679976129,0.05270698515914083,0.10343764312466376,0.09431399381891736,0.01380875310327284,0.21062494778645074,0.14012440386154745,0.19317849308823462,0.1641951853791188,0.049807592829607804,0.09751198563254589
heartburn,0.16820135387454338,0.1602373003768898,0.24557892462217468,0.1201459687670013,0.07956988282087936,0.01837878006372039,0.09081681333305482,0.01783689896808993,0.11641693210825868,0.03636465037227191,0.1357138346191911,0.07566721244546809,0.08386472536670987,0.12437121988169617,0.09076774025494341,0.09014650328915456,0.17242907141789535,0.061761290425979234,0.1202083812005502,0.9999999999999992,0.005175993272781463,0.10131529212339642,0.19174396756677672,0.03619439855578055,0.12570769368502238,0.10346881554599793,0.1491461318767026,0.1694219992664103,0.2413635776882518,0.0860021011913978,0.12445753077171154,0.015664621296549427,0.0356857712655777,0.060221799279960304,0.288592114753762,0.09305340226209795,-0.0008571064253587616,0.11560001035934982,0.10553264056346479,0.056592291787191405,0.06724610577590126,0.06803116585762076,0.05641406185888996
hot_flashes,-0.0537877176075421,-0.06331276530988282,-0.062300908970552404,-0.03824820662634854,-0.03745971264401596,-0.04458621579726874,-0.06704264756103187,0.10248335820078473,-0.044473817272965045,0.003573833403047174,-0.0616063850260859,-0.009206433700241764,-0.04526407386304218,-0.043869613433214244,-0.08061415461881491,-0.05523562944326152,-0.02876054160133463,-0.08473083190374972,0.048767503419325994,0.005175993272781463,0.9999999999999978,-0.039163793820227326,-0.01897597789288385,0.03462869999748071,-0.052466005416292066,-0.05844064919626758,-0.07481086200755009,-0.07249302678738911,-0.05983718460433138,0.06982035691033087,0.2244532705940581,0.0010873423429571603,-0.0653312393176793,-0.044161596906190086,-0.02784228041693947,-0.06724332593892847,-0.013151518046146157,-0.013932787280878678,-0.030282385771769414,-0.06499267025907507,-0.053558600059801266,-0.028527526884275893,-0.03523853643623368
incontinence,0.09687432125873402,0.0803036588587943,0.11078529550869584,0.08541157590430508,0.05079171724284593,0.07074328818057513,0.1701371419998928,0.024258057342418322,0.047844721817273984,0.013581212771609405,0.10547358754492656,0.11670564932683707,0.08245533437426879,0.34157473338818395,0.32548926100128567,0.23141782188898427,0.1758154079072945,0.16305942764675718,0.10400694495567643,0.10131529212339642,-0.039163793820227326,0.999999999999998,0.07357959343974614,-0.0022018656927227987,0.11925006911127214,0.15984846762119231,0.1356109748900305,0.10412658391447344,0.15250251838146095,0.025826173220493496,0.1337402066134006,0.02541907158573671,0.0755984194506145,0.12856484321951306,0.06272309585033696,0.12546959951908598,0.006415718988551881,0.14965784977881144,0.038880821197968055,0.23836394638012232,0.0610205866112953,0.047603728644790254,0.05046052873805741
insomnia,0.16293911864519137,0.2753054097602449,0.10251606572407483,0.22606273424519432,0.07935143524610044,0.03290867863722732,0.10310159259327994,0.16754278196566438,0.09658734629959774,0.002427023159737605,0.27240486818898557,0.08503913107425591,0.09018681435106944,0.15936283945269686,0.1956572526057934,0.1389273230265888,0.3179322085177379,0.16419932026517284,0.2910513120659698,0.19174396756677672,-0.01897597789288385,0.07357959343974614,1.0000000000000007,0.15398572686239945,0.16276824116714078,0.17420369541563438,0.24325798265884485,0.24246141593245402,0.2787845856556012,0.07062101923148224,0.1595512307122219,8.441810641632582e-07,0.0902545358123164,0.07881833566836663,0.129346568199328,0.2826305794701174,0.02051797591894963,0.17569356956505416,0.09261937161028445,0.07727915440048745,0.08004491027733329,0.025359777404542747,0.05875717260435831
irregular_beat,0.04675849471627109,0.0706038364619608,0.017189309043145244,0.09674909276546034,0.05790734391024927,0.016558713961948204,0.043176147706409776,0.4535375495150016,0.04689046646578726,-0.01746937258140213,0.05202003545934563,0.06755922493208694,0.10133919476957821,0.11390336619926121,0.04023474305700058,0.05102810756691312,0.056669514099334635,0.03379623463549304,0.11408009561130908,0.03619439855578055,0.03462869999748071,-0.0022018656927227987,0.15398572686239945,1.0000000000000004,0.020034848358174737,0.04668986863546316,0.0702659202075947,0.0991153559209387,0.08140472017993516,0.0515438848773297,0.015608289175205257,0.00010815303348603815,0.04073898051421793,0.035343837376608386,0.049306127933058046,0.06770731937581062,-0.0009137097389705142,0.07876704352614668,0.042484440128269414,0.04310440081739951,0.08803639925627749,0.020805663473219625,0.007788247554424361
itchy_skin,0.25548567712587195,0.19352642550054203,0.19065899006083412,0.200446296648968,0.057094710477452286,0.018614740332885293,0.3145230230625153,0.15116321832345792,0.2955419792964285,0.030811332315113626,0.20760660014795224,0.18663381555125905,0.1884503022299552,0.28565602471874174,0.4388091741193365,0.4969249466142075,0.3682131771536978,0.1763516259749986,0.24112054551806103,0.12570769368502238,-0.052466005416292066,0.11925006911127214,0.16276824116714078,0.020034848358174737,1.0000000000000007,0.33428345727258285,0.219494008790419,0.17415325457002598,0.305405043780548,0.04288090048715719,0.04907341047020334,0.028358642170115547,0.05529977058222795,0.08616527281730271,0.1203885872141206,0.1335630787120085,-0.017732923008410627,0.24586430228165657,0.024808783950421517,0.46522064534945634,0.10280845246447047,0.03288253220080342,0.06500988037438273
joint_pain,0.2376427300659473,0.27674557041937314,0.1957522182650673,0.22166210308497925,0.07047841543487922,0.029982915764799258,0.3156872735088808,0.09001443165615287,0.20244809254760246,0.008168780433610408,0.22282373814259587,0.1629196394959901,0.13374527680901466,0.22401591924688488,0.32373654538732444,0.2245719834244163,0.3693738614179659,0.20188657831270743,0.19535641009949592,0.10346881554599793,-0.05844064919626758,0.15984846762119231,0.17420369541563438,0.04668986863546316,0.33428345727258285,0.9999999999999994,0.1953910021695795,0.211503748681917,0.4280727330568861,0.04108700865399203,0.07088757154866289,0.10572363097606996,0.047293780056686024,0.09432246780422522,0.188302635161336,0.11466523702418237,0.003421032249489243,0.30240468269434506,0.0384985030903475,0.2113031549968564,0.06338738217786649,0.025022110034723984,0.022509054017747575
memory_lapse,0.13337532958641674,0.22918344787771439,0.23223156385846375,0.496311062768582,0.020233868462966997,0.053415832977893915,0.30923987991219454,0.058314120796216506,0.29301920716495194,-0.0035670661938657614,0.21432931026971258,0.07718322616621631,0.13007705852975224,0.2117943340081038,0.22796461842114607,0.11156280863339774,0.24717909126287949,0.2157198034982584,0.11930889379088541,0.1491461318767026,-0.07481086200755009,0.1356109748900305,0.24325798265884485,0.0702659202075947,0.219494008790419,0.1953910021695795,0.999999999999999,0.24647670380124168,0.4096439211338576,0.07622804257143437,0.049292216352875035,0.24002710604063102,0.12294151406563106,0.060566344649546806,0.06755447140193523,0.1784563121503701,-0.023698428383045388,0.14650960178890968,0.039748653951978914,0.20645762194647224,0.11215890619697609,0.04551618309336564,0.04348410616639407
mood_swings,0.06696894404925775,0.3898811025957515,0.1296335708798276,0.25553965567296166,0.18804687156030933,0.03780765224054755,0.18460370494286368,0.1372473910283919,0.10830893445560727,0.07491671152306796,0.38981948093543994,0.16270253119611822,0.14363723176311807,0.05954989554487981,0.19545277419613286,0.11126061783368897,0.2931729601525597,0.16477483988006772,0.18432605810473904,0.1694219992664103,-0.07249302678738911,0.10412658391447344,0.24246141593245402,0.0991153559209387,0.17415325457002598,0.211503748681917,0.24647670380124168,1.0000000000000009,0.3062585487855988,0.10004736837232471,0.06070260224387952,0.051082257197965934,0.07330507890436537,0.010927779582120262,0.1330631600502798,0.15835841957792232,0.023463317019453173,0.14527673788265763,0.0403766335597247,0.06262052919631918,0.10290595557293,0.10471872291720101,0.021137917990127195
muscle_tension,0.22336414565845414,0.3296471521571389,0.21514507196294985,0.2794145076616305,0.10808827192494176,0.03711559763564281,0.3991958363652229,0.08822820310981883,0.23242442451261208,0.012761357245496041,0.26381849311913064,0.10516604532536761,0.16261573856070058,0.2870440104873024,0.39489436774238657,0.19389213858143273,0.3607934368706761,0.27738701247507297,0.17678482642632679,0.2413635776882518,-0.05983718460433138,0.15250251838146095,0.2787845856556012,0.08140472017993516,0.305405043780548,0.4280727330568861,0.4096439211338576,0.3062585487855988,0.999999999999999,0.06257369966926671,0.048032831634343666,0.029184926530831254,0.08240865211809252,0.026951231785301847,0.20068650345683076,0.09010182648011007,-0.010681124075291568,0.2551755654519203,0.01172316821829224,0.22208023894300769,0.08140227621028004,0.050496310075421894,0.056616689640222005
nausea,0.056750615097337545,0.2068254394919566,0.0718134132388946,0.10526989979318167,0.1034713101210407,0.024148424311778133,0.04300300944049373,0.09223770007428438,0.06847511820038124,0.10764514286048239,0.09963677845504398,0.26694727965799225,0.17734765403942532,0.054351618131201034,0.03494759120306237,0.020684091599012407,0.10590858488655608,0.05708588868853877,0.15332796215592256,0.0860021011913978,0.06982035691033087,0.025826173220493496,0.07062101923148224,0.0515438848773297,0.04288090048715719,0.04108700865399203,0.07622804257143437,0.10004736837232471,0.06257369966926671,1.0000000000000018,0.0799917208089202,0.018777667836971938,0.08111239579393185,0.016273947765250738,0.04857370498860301,-0.0005564838159201646,-0.007295005674245439,0.06750513457591534,0.08295552437026074,0.04518742371855436,0.1209741974886745,0.28269705627074093,0.0688582692204007
night_sweats,0.06982995569340902,0.06980873900948786,0.09081853819207802,0.08659849609446048,0.015602836323028915,0.02373126053444314,0.03029579714358679,0.15812005846999017,0.08021228518385233,0.01700674764795205,0.005667696529366777,0.023467785010268666,0.013470862155966533,0.06435346675564266,0.08285740350025189,0.0019293732867353712,0.08555611768615275,-0.003327040368458964,0.09167741479910461,0.12445753077171154,0.2244532705940581,0.1337402066134006,0.1595512307122219,0.015608289175205257,0.04907341047020334,0.07088757154866289,0.049292216352875035,0.06070260224387952,0.048032831634343666,0.0799917208089202,0.9999999999999998,0.06558515091304824,0.037494504709209814,0.14576362914274063,0.028862638401609436,0.16827334675425995,0.08705853897211849,0.09225237689004298,0.03421211877440718,0.06985160796196657,-0.0019624511214543514,0.010559128968914358,0.02488748069417801
nipple_discharge,-0.01662328076227894,-0.0047339078379061,0.2069166680724829,0.1669948691500213,0.023120301136910954,0.1621321840186901,0.043553396114148844,-0.011311298055461041,0.19386411880098678,0.0262532655474846,0.04935562209139208,-0.0022107224480694583,0.013756665359476807,-0.015412268540322321,-0.0006330889009711353,-0.005550582482295457,-0.012562206961990544,0.06917135817659877,0.022045865358410528,0.015664621296549427,0.0010873423429571603,0.02541907158573671,8.441810641632582e-07,0.00010815303348603815,0.028358642170115547,0.10572363097606996,0.24002710604063102,0.051082257197965934,0.029184926530831254,0.018777667836971938,0.06558515091304824,0.999999999999999,0.01952294480074364,-0.012215410199636494,0.170941325407423,0.048351033248376564,-0.002279254085353632,-0.006739096428310603,0.007774010870726039,0.10668627783989369,0.07861745051526034,0.017620543098361335,0.00124485722869365
odor,0.06823003050097938,0.09818828318301712,0.04857231855662895,0.1232060263860372,0.0650067758628219,0.05698368857616331,0.06942428791188734,0.10902436687896806,0.05900775850189266,0.05972001409180669,0.13683716289028522,0.10568378139382406,0.08697648994213596,0.06047644986196804,0.07759478906025158,0.09284910001041138,0.0776038739784798,0.08417936677532659,0.06069855679976129,0.0356857712655777,-0.0653312393176793,0.0755984194506145,0.0902545358123164,0.04073898051421793,0.05529977058222795,0.047293780056686024,0.12294151406563106,0.07330507890436537,0.08240865211809252,0.08111239579393185,0.037494504709209814,0.01952294480074364,1.0000000000000007,0.05003200355127683,0.05360749549975914,0.063905421181315,-0.012403664963085408,0.0783960569098546,0.039878343700171355,0.0710142821240069,0.034573666379103606,0.04007405185148738,0.05412178334656827
painful_intercourse,0.03624788411004998,0.022906401399023443,0.11431873726668365,0.06757922027810782,0.018093912870718137,0.06285195521343936,0.017801111023416086,0.07177592068648989,0.09083909872802963,0.02859815913719883,0.02955588357705868,-0.012283944899876732,0.012337411694569402,0.025035604845077965,0.10593107283002219,0.14903629354292192,0.07021038872695338,0.0989583018327243,0.05270698515914083,0.060221799279960304,-0.044161596906190086,0.12856484321951306,0.07881833566836663,0.035343837376608386,0.08616527281730271,0.09432246780422522,0.060566344649546806,0.010927779582120262,0.026951231785301847,0.016273947765250738,0.14576362914274063,-0.012215410199636494,0.05003200355127683,0.999999999999999,0.0010998194333383452,0.28451148603714216,0.11446354717436218,0.02353059004714879,0.18573117087723046,0.2613538321972998,0.0298682273495589,-0.007955016121595519,0.051812728513071796
ringing_ears,0.0968402793967906,0.1524230330258178,0.07165817265266167,0.09914443164423667,0.04932894570560214,0.045256326352168925,0.17526078379691934,0.03130576551098191,0.12346492457498975,0.02344262742254558,0.19808587710859568,0.05906523525899247,0.100767884847486,0.1315951267370567,0.18728019524494402,0.19053940907004574,0.14830100362165177,0.18216476051632255,0.10343764312466376,0.288592114753762,-0.02784228041693947,0.06272309585033696,0.129346568199328,0.049306127933058046,0.1203885872141206,0.188302635161336,0.06755447140193523,0.1330631600502798,0.20068650345683076,0.04857370498860301,0.028862638401609436,0.170941325407423,0.05360749549975914,0.0010998194333383452,0.9999999999999994,0.05653017512861051,0.002570667690609407,0.13480815702471466,0.014516298893652408,0.0960194426663054,0.09631132760864565,0.013402449038791456,0.009824857783077809
sex_drive,0.11577255684247854,0.09403058349829477,0.10312911732992137,0.2090408518356472,0.03929988537396839,-0.004143226340482043,0.09666651231928217,0.07458854164562055,0.15273578601042684,0.02785370388803678,0.13430212995990012,0.021368952529419335,0.06832774603436222,0.15828009948067978,0.14457658720194663,0.15881016981598217,0.2483719247161378,0.11146817414231122,0.09431399381891736,0.09305340226209795,-0.06724332593892847,0.12546959951908598,0.2826305794701174,0.06770731937581062,0.1335630787120085,0.11466523702418237,0.1784563121503701,0.15835841957792232,0.09010182648011007,-0.0005564838159201646,0.16827334675425995,0.048351033248376564,0.063905421181315,0.28451148603714216,0.05653017512861051,1.0000000000000016,0.07345528214712611,0.0650618019054933,0.07037465352970443,0.2708304516744235,0.018714639241794406,-0.00948606416277586,0.019315689496214844
spotting,-0.012191098242278044,-0.004085427539037317,0.28809611525792017,0.007760102156331748,0.10897177563896977,-0.012389268977217224,-0.01454971497401569,-0.01013484995193511,-0.005140215647653536,0.19054805370734806,-0.010593721061685093,0.01316955103833821,-0.0063655596791462755,-0.012545702828427905,-0.004138577058634546,-0.013920912163293997,0.05604640031501691,-0.022083464355207815,0.01380875310327284,-0.0008571064253587616,-0.013151518046146157,0.006415718988551881,0.02051797591894963,-0.0009137097389705142,-0.017732923008410627,0.003421032249489243,-0.023698428383045388,0.023463317019453173,-0.010681124075291568,-0.007295005674245439,0.08705853897211849,-0.002279254085353632,-0.012403664963085408,0.11446354717436218,0.002570667690609407,0.07345528214712611,0.999999999999998,-0.019773403998823286,0.009419492466145655,-0.010272246023436082,-0.00853653889636614,-0.014488880035558423,0.03477216675324879
tingling_extremeties,0.11747414769152476,0.19315703584592425,0.024929098932464058,0.11686152550044922,0.05202825583734021,0.012981931362248096,0.20206061852322663,0.13544837575388236,0.100142435899011,0.0025104828535705906,0.19194627851646948,0.10715806800626448,0.27884914786410564,0.22902155812106434,0.20487125507024942,0.20323146269465847,0.2795372853056272,0.16532735717764568,0.21062494778645074,0.11560001035934982,-0.013932787280878678,0.14965784977881144,0.17569356956505416,0.07876704352614668,0.24586430228165657,0.30240468269434506,0.14650960178890968,0.14527673788265763,0.2551755654519203,0.06750513457591534,0.09225237689004298,-0.006739096428310603,0.0783960569098546,0.02353059004714879,0.13480815702471466,0.0650618019054933,-0.019773403998823286,0.999999999999999,0.06145011457299857,0.10047458723251172,0.201022515741261,0.07837517106456168,0.07954927257353984
uti,0.02345334571171404,0.08080376616559572,0.04962895721562955,0.07127811312071046,0.011063293894898518,0.027144768257529723,0.014781858299486387,0.005016517061939561,0.025936670743398796,0.028892772811196527,0.07996023734555328,0.1043570792926526,0.05135647371966021,-0.00011429054678864208,0.02195073501072948,0.025227142176903247,0.12457719373269156,0.08652512033397708,0.14012440386154745,0.10553264056346479,-0.030282385771769414,0.038880821197968055,0.09261937161028445,0.042484440128269414,0.024808783950421517,0.0384985030903475,0.039748653951978914,0.0403766335597247,0.01172316821829224,0.08295552437026074,0.03421211877440718,0.007774010870726039,0.039878343700171355,0.18573117087723046,0.014516298893652408,0.07037465352970443,0.009419492466145655,0.06145011457299857,0.9999999999999986,0.085109769948609,0.11644895158830056,0.09072251107161698,0.1631149315511688
vaginal_dryness,0.20685837028971812,0.06885952243877341,0.16581514911937376,0.15749128369739196,0.08353011177835423,0.05012145961139764,0.2498806592795484,0.1399374360604598,0.3001423890730394,0.01339478579494129,0.030868875711142642,0.07432426366759359,0.04950016071386854,0.3874745984834523,0.28435809995298117,0.4612143972510855,0.24417968978791613,0.13834574311168427,0.19317849308823462,0.056592291787191405,-0.06499267025907507,0.23836394638012232,0.07727915440048745,0.04310440081739951,0.46522064534945634,0.2113031549968564,0.20645762194647224,0.06262052919631918,0.22208023894300769,0.04518742371855436,0.06985160796196657,0.10668627783989369,0.0710142821240069,0.2613538321972998,0.0960194426663054,0.2708304516744235,-0.010272246023436082,0.10047458723251172,0.085109769948609,1.0000000000000013,0.04804436505658871,0.01854397722368967,0.09838540869605887
vertigo,0.09783441888637877,0.13493326293708371,0.03310357113052197,0.076636490387324,0.06433748976899123,0.05536637682494313,0.02562993489424179,0.0148746560472969,0.0627773040328853,0.013381948532208992,0.10067168197958438,0.14823809184240486,0.3047463769050374,0.06409845826181905,0.054748091608986,-0.006080571574950996,0.11575055596471683,0.07951048938186803,0.1641951853791188,0.06724610577590126,-0.053558600059801266,0.0610205866112953,0.08004491027733329,0.08803639925627749,0.10280845246447047,0.06338738217786649,0.11215890619697609,0.10290595557293,0.08140227621028004,0.1209741974886745,-0.0019624511214543514,0.07861745051526034,0.034573666379103606,0.0298682273495589,0.09631132760864565,0.018714639241794406,-0.00853653889636614,0.201022515741261,0.11644895158830056,0.04804436505658871,1.000000000000001,0.15530221351543877,0.06318294216511858
vomiting,0.021149770311417983,0.1953010483529685,0.011365760656319748,0.030912722099273607,0.0427881948458109,0.05000068377320685,0.006993447935494856,0.05945333966493059,0.014327651519300499,0.13275860938204578,0.02808900991616188,0.17877702544473392,0.07299329465990424,-0.01456738894824143,-0.0036963777769667555,0.023946336542744334,0.03156945239968295,0.03700214140541312,0.049807592829607804,0.06803116585762076,-0.028527526884275893,0.047603728644790254,0.025359777404542747,0.020805663473219625,0.03288253220080342,0.025022110034723984,0.04551618309336564,0.10471872291720101,0.050496310075421894,0.28269705627074093,0.010559128968914358,0.017620543098361335,0.04007405185148738,-0.007955016121595519,0.013402449038791456,-0.00948606416277586,-0.014488880035558423,0.07837517106456168,0.09072251107161698,0.01854397722368967,0.15530221351543877,1.0000000000000009,0.07921101697204437
yeast_infection,0.08757952714592808,0.03273723570567903,0.042569291575031025,0.027000895795208327,0.13272129274213476,0.09474254392927876,0.05998094491806554,0.006216925806261727,0.0966166059262532,0.07292219602091107,0.038726235571049095,0.08572165620632914,0.03907818978624975,0.05054468946360385,0.11078965452914045,0.007600801515486488,0.07579940801459258,0.044429807042444126,0.09751198563254589,0.05641406185888996,-0.03523853643623368,0.05046052873805741,0.05875717260435831,0.007788247554424361,0.06500988037438273,0.022509054017747575,0.04348410616639407,0.021137917990127195,0.056616689640222005,0.0688582692204007,0.02488748069417801,0.00124485722869365,0.05412178334656827,0.051812728513071796,0.009824857783077809,0.019315689496214844,0.03477216675324879,0.07954927257353984,0.1631149315511688,0.09838540869605887,0.06318294216511858,0.07921101697204437,0.9999999999999968
