,allergies,anxiety,bloating,brain_fog,breast_pain,breast_swelling,brittle_nails,chills,constipation,cramps,depression,diarrhea,dizzy,dry_eyes,dry_skin,facial_hair,fatigue,hair_loss,headaches,heartburn,incontinence,insomnia,irregular_beat,itchy_skin,joint_pain,memory_lapse,mood_swings,muscle_tension,nausea,nipple_discharge,odor,ovulation,ovulation_pain,painful_intercourse,ringing_ears,sex_drive,spotting,tingling_extremeties,uti,vaginal_dryness,vertigo,vomiting,yeast_infection
allergies,0.9999999999999997,0.07144814218313958,0.053462475802254945,0.1127184572798607,0.07707843477787699,0.037991400456555,0.023973883234464363,0.132555002384051,0.2836629787591511,0.11184482595616527,0.17502468760443476,-0.004792745039328458,0.12768376076324722,0.046355849131413204,0.017070605277840448,0.04013784320880475,0.5156724180985364,0.24823125961837456,0.10132568354102797,0.5929446273682802,0.5506109098469373,0.2606734102207631,0.2464601343443496,0.12283952933623467,0.5374277169261924,0.0725995901180056,0.05418821159522231,0.3457923039020544,0.0727925876609176,0.07945879222845492,-0.008125845092961465,-0.01627250260090724,0.03198561498222596,0.7054598970701537,0.2709410756861645,0.6557817758344004,0.04249793724547779,-0.01522864545194347,0.601014185186936,0.683966035469412,0.11715423154474254,-0.020895895188467618,0.48883228159641734
anxiety,0.07144814218313958,0.9999999999999998,0.11054139360878767,0.23888818011454346,0.12037262039972726,-0.006378479625179215,0.08901419657688023,0.04732789787895745,0.0265415178976078,0.26831710030592143,0.28699931994909467,0.11385741853466685,0.145027080486302,0.08718022036618446,0.16294687377928646,-0.019484678750413157,0.16610654416778242,-0.008385703312208012,0.21770358867707412,0.10580387389029007,0.018527098081792363,0.31232225761840415,0.0709455727293882,0.3625113465407518,0.05067427720666818,0.1790679878924564,0.3139177345041492,0.1612452726309833,0.18776885079973393,-0.018027774179755752,0.10084980775607198,0.13596916968824768,-0.012349319830681094,0.02871420174156887,0.18616835971961215,0.04145252908975241,-0.017344062920744592,0.03921419341041548,0.0407915486439736,0.049633754836293585,0.12460725860643164,-0.007413408183527037,0.033814551134557926
bloating,0.053462475802254945,0.11054139360878767,1.0000000000000002,0.12561671453411524,0.030049727847385056,0.031174209083945397,0.5292330083700225,0.017324319645049577,0.06850778205023406,0.15238760173998994,0.010529823001277675,0.0959840371440285,0.013701244862194378,0.6700362576083375,0.09317708749538488,0.004996888416820608,0.11994156887897077,0.8593098721594943,0.20764021831265506,0.028056884093052563,0.029896702366584732,0.029639447336447897,-0.003385299282788151,0.08939359377664302,0.0432158974455937,0.03263345624237635,0.18519040639400153,0.06037100179165522,0.08249407222906781,0.008123093243815823,0.028587432588126453,0.034833691001568294,0.034022437353480345,0.03915390326427544,0.11011280634937971,0.04117996979060741,0.04518993049665762,-0.02994644803909355,0.03360999259941089,0.2502470988186382,0.018417398092182246,-0.018364719679429656,0.038471708521047615
brain_fog,0.1127184572798607,0.23888818011454346,0.12561671453411524,1.0000000000000002,0.06956407332280903,0.11693977543834008,0.0004155830977164982,0.07903444681583902,0.03384716632091797,0.09591416797200296,0.25389544771513906,-0.01286094470003546,0.23695912319838958,0.035510543671152875,-0.016729887551007114,0.07625801513218183,0.3444343600265467,0.04521751138055322,0.09791186616845149,0.10082363219861004,0.03384480619810056,0.10186205247009306,0.02253052150107148,0.04966708346156318,0.14170537563878738,0.4784651445000309,0.18588830791628588,0.1290462251839794,0.08978558024760658,0.04274554500981672,0.17471273208888116,-0.013168048349077964,-0.06710108596318816,0.0755126865385438,0.49637439080084744,0.047609751255660256,0.02743728386033682,0.11029482621612703,0.06478347478721133,0.08219940151713732,0.1245601828684301,0.01817689818400047,0.03838808882051175
breast_pain,0.07707843477787699,0.12037262039972726,0.030049727847385056,0.06956407332280903,1.0000000000000016,0.3329655503751912,-0.006060827426925099,0.05385473729459673,0.05084813629530298,0.3891713350671605,0.057191330867499716,0.004865394584170563,0.025101658259147397,-0.00034869142421073597,0.017320435118930964,0.061282500525586224,0.18147687692250714,0.004929435002380756,0.14623567422272868,-0.004777391487491113,0.0018178722355062938,0.27124020858207615,5.7909242434965716e-05,0.08574242800430858,0.04684206236354582,0.04003131070399582,0.16963078792438424,0.1931411134640582,-0.026048802053854493,0.005025223729764886,0.03250446759649744,0.07274115147773848,0.024253978304352077,0.007654493378271285,0.15839172000532187,-2.633644152065733e-05,0.3066507538619312,-0.03887256617241133,-0.006453585330579812,-0.004337242393167564,0.0072411922217630225,-0.011952073492759778,0.03701618869606469
breast_swelling,0.037991400456555,-0.006378479625179215,0.031174209083945397,0.11693977543834008,0.3329655503751912,1.0000000000000004,-0.00811285404593034,0.05924708998339878,0.31113516027879784,0.1298513772033187,0.07692675625941736,-0.0013189378380935822,0.004245371138800486,-0.009975824730893808,-0.015787641620350974,0.005384723335849628,0.05280498304820851,-0.0017395223132818678,0.015216513897078643,-0.00993584933901401,-0.018005505796232626,0.04549550684514702,-0.0187237373280333,-0.028606921968282205,0.05843337364446329,0.04529320155774086,0.04391452341946036,0.2278800925467407,-0.010640043937935021,0.024114235433093937,0.05576864916603846,-0.012086056925468398,0.2416832185591655,-0.01066369139758556,0.19080984534802747,-0.023528298359397296,0.08818524012612,-0.05492781229875722,0.014683306076446153,0.008973687838110785,-0.029537081603141387,-0.011829313678477263,0.031193708681933396
brittle_nails,0.023973883234464363,0.08901419657688023,0.5292330083700225,0.0004155830977164982,-0.006060827426925099,-0.00811285404593034,0.9999999999999998,-0.006220386976786174,0.006233711269433277,0.15955177607829732,0.045574557385569106,0.8637328408638416,-0.025599130296381136,0.9700501217194286,0.8504292168525075,-0.0055786466768487485,-0.004490966634858478,0.4589757290672788,-0.0030357227161423826,0.01776632757665192,0.04476208653652364,0.008969672033631705,-0.00010490689627708177,-0.01451294275232248,0.009117354962786569,-0.006703757624765521,0.057372845377318425,-0.002325864868538884,-0.020390512878845933,-0.007247499339070275,-0.015668820593550722,-0.011332977278711309,-0.012821578519722194,0.03831664110249668,0.0014047961385729257,0.029706731540277264,0.026093721969333572,-0.020251594434329976,0.03003052531333471,0.1469614583014256,0.07435799931877059,-0.0062494540111500164,0.08817826359699932
chills,0.132555002384051,0.04732789787895745,0.017324319645049577,0.07903444681583902,0.05385473729459673,0.05924708998339878,-0.006220386976786174,0.9999999999999999,0.14224153472742998,0.055379166831424964,0.062420459019726066,-0.009587610122163286,0.04142514895151734,0.002083758540473745,3.00600890306741e-05,0.10313573915775442,0.11451979683139839,0.06602447499251683,0.07665002096096725,0.21574454342936147,0.1536199407644237,0.04528505767879985,0.07625398601194859,0.1823171062448583,0.21081813080993725,0.07937615316825296,0.06177600499451602,0.19131830338524625,0.10799954570015888,-0.013290561684560692,0.023255035384228035,-0.02163940463705944,-0.02240610975924813,0.18455318253467337,0.11482950250557603,0.18222262488333002,0.054770108403932774,0.10870397026175282,0.1369762904151703,0.17493511296322528,0.0549649853667508,-0.003996928003810205,0.11422575728439065
constipation,0.2836629787591511,0.0265415178976078,0.06850778205023406,0.03384716632091797,0.05084813629530298,0.31113516027879784,0.006233711269433277,0.14224153472742998,0.9999999999999994,0.1050201234163752,0.15190930520058962,-0.002512648960683519,0.05043251717914337,0.009431847111733045,-0.0015003433702886076,0.0010160174447502693,0.2862317450383165,0.12748480852485042,0.016843179399151486,0.34980890735608033,0.2816424784791963,0.12584083929534193,0.12774599137095055,0.05870382267598622,0.21500459556872933,0.033663970028819025,0.01836119863079286,0.2293023434221884,0.06861040419085815,-0.0023958520343462185,0.04261675146454547,-0.0037916872300041015,0.48992302090329437,0.38032565203965024,0.10104234262423704,0.3541510708676868,0.10344010211940372,-0.021184431114468022,0.3292224370652534,0.36333772580792745,0.10906612158171088,-0.013273921203051934,0.30168128716619186
cramps,0.11184482595616527,0.26831710030592143,0.15238760173998994,0.09591416797200296,0.3891713350671605,0.1298513772033187,0.15955177607829732,0.055379166831424964,0.1050201234163752,1.0000000000000009,0.12049756440753191,0.21146718982847204,0.054043728477332686,0.16086922025754433,0.22812424231381526,0.006787236286512924,0.2308322523938926,-0.006420934533483396,0.3776063588103322,0.03947389820214803,0.09639867029115672,0.3646011440749474,0.05473586804780735,0.23168767059941864,0.06044166703469077,-0.057728281141260704,0.1308432912222174,0.1464905036447641,0.1854656493254701,0.04016799894699355,-0.03566829247732038,0.2064348515021939,0.1405402291100003,0.054915220321109105,0.14553332575661995,0.05554413056485628,0.45870997105188305,-0.07382648730419712,0.05107454166768376,0.041677110662680227,0.028541934170097996,-0.013189602938470798,0.14259771932685975
depression,0.17502468760443476,0.28699931994909467,0.010529823001277675,0.25389544771513906,0.057191330867499716,0.07692675625941736,0.045574557385569106,0.062420459019726066,0.15190930520058962,0.12049756440753191,1.0000000000000007,0.06560799301459636,0.18577196142879873,0.055977780743887644,0.07157137823959121,0.027332125526233875,0.2748357516025155,0.06654446652744478,0.05092393276298392,0.31935711769116776,0.15883350507422683,0.23396597692304888,0.09482551296300859,0.1047616008211007,0.15052537605484265,0.026637868227371655,0.08444681683219542,0.19503080663046646,0.13991912078354166,-0.003018609034748395,0.07157812237049002,-0.005197025258569575,0.026118621382230634,0.23506814384134744,0.15252480160028314,0.22056349680502016,0.01469173823336759,0.03462049498628716,0.2132137516288387,0.23203968779169815,0.18956697192414398,-0.01878749916333391,0.1710055710917307
diarrhea,-0.004792745039328458,0.11385741853466685,0.0959840371440285,-0.01286094470003546,0.004865394584170563,-0.0013189378380935822,0.8637328408638416,-0.009587610122163286,-0.002512648960683519,0.21146718982847204,0.06560799301459636,0.9999999999999999,-0.01099127913193241,0.7512573303407091,0.968431163041885,-0.018050736075482045,0.001010676622649928,-0.0014917640099788856,0.01068382771422952,0.008209967076178838,0.03263044283866987,0.019537614581806483,-0.0075124468110642495,-0.009240892658228504,-0.016105310067926468,-0.014999191462422505,0.010306820604890717,0.0033663745809208606,0.00651551749022997,0.005437046896333135,-0.01007173919264936,0.01994959188042173,-0.007523166352366887,0.010910147498949694,-0.004423640793040749,0.003655718422027333,0.048071496836983835,-0.012079193068639261,0.012147407494488248,0.008431143592449678,0.08775575502299467,0.003165974590108179,0.0835088763860811
dizzy,0.12768376076324722,0.145027080486302,0.013701244862194378,0.23695912319838958,0.025101658259147397,0.004245371138800486,-0.025599130296381136,0.04142514895151734,0.05043251717914337,0.054043728477332686,0.18577196142879873,-0.01099127913193241,1.0000000000000002,0.019156508231385677,-0.021230531034679524,-0.0015127694059164523,0.1290445871928124,-0.019213812493876627,0.19333316518608828,0.16489742695697293,0.026142177079935283,0.12758675162699623,-0.0024612350085459114,0.020845387710140908,0.10812212434299406,0.06911278326308652,-0.008492943178054055,0.20746244792971796,0.20069270035071451,0.032796930350971996,0.09388625496268424,0.0014301701753024383,-0.006174055335690259,-0.018276862714626738,0.224185276175084,-0.029568202044317107,0.20820184921307394,0.13216933413398577,-0.027149928117115522,0.0077481690649929364,0.2799373438869655,0.03440601588685926,-0.030797953886739646
dry_eyes,0.046355849131413204,0.08718022036618446,0.6700362576083375,0.035510543671152875,-0.00034869142421073597,-0.009975824730893808,0.9700501217194286,0.002083758540473745,0.009431847111733045,0.16086922025754433,0.055977780743887644,0.7512573303407091,0.019156508231385677,1.0000000000000004,0.7370289362583954,-0.013123243289241538,0.01362624949893023,0.6033298709906767,0.01859273715269581,0.04402367532361487,0.05059385681721013,0.018949290744377203,0.011420147117823453,-0.007451284986694007,0.019312247605921668,0.0024373424034610765,0.09467058101296051,0.014206966140889865,0.001026201500579763,-0.008442084661508194,0.001397060381496106,-0.0075021332301967265,-0.017974763258724026,0.04504455851965318,0.03599419402844362,0.0314644605620218,0.04522844805296078,-0.0005415536314969526,0.035180724651299816,0.19191872252594386,0.06548659176528765,-0.008619915519856294,0.08653637379465415
dry_skin,0.017070605277840448,0.16294687377928646,0.09317708749538488,-0.016729887551007114,0.017320435118930964,-0.015787641620350974,0.8504292168525075,3.00600890306741e-05,-0.0015003433702886076,0.22812424231381526,0.07157137823959121,0.968431163041885,-0.021230531034679524,0.7370289362583954,0.9999999999999999,0.013135105113529099,-0.00016955329234943323,0.001151678510080268,0.006783951628638359,0.004857072479073813,0.05328915812538507,0.051354548042716275,-0.0020168926121133792,0.036531524921184735,0.006361555710562846,-0.0053514925056676885,0.02413615518445435,0.06468098946669272,-0.004346299110209127,-0.006096923987620933,-0.0013507921015387884,0.018540083173100828,-0.013704637326809396,0.020227137923049806,0.002447591232835425,0.0133962694272144,0.0840150312284293,-0.008005707463300944,0.015515477903576038,0.01655848648520365,0.0867363405271476,-0.0080767680170285,0.0814107706083433
facial_hair,0.04013784320880475,-0.019484678750413157,0.004996888416820608,0.07625801513218183,0.061282500525586224,0.005384723335849628,-0.0055786466768487485,0.10313573915775442,0.0010160174447502693,0.006787236286512924,0.027332125526233875,-0.018050736075482045,-0.0015127694059164523,-0.013123243289241538,0.013135105113529099,0.9999999999999997,0.06873670898439932,-0.009986746057186715,0.07382751500511227,0.02603438755962688,-0.0002560630460225301,-0.042996548412407576,-0.027575681169889003,0.09225717760234067,0.1062282545693557,0.0499496757680189,0.06554700421202249,0.19378849487840416,-0.01938963896884041,-0.015946360943418343,0.12221929372127421,-0.028196700467149796,0.038447757117903596,0.01740313456659015,-0.015307151970354167,0.023447303518139746,0.08999777695043958,0.07279086355215156,0.003199832690129254,-0.01624054287245679,0.048862102711108815,-0.030461296289067318,0.034436386084299296
fatigue,0.5156724180985364,0.16610654416778242,0.11994156887897077,0.3444343600265467,0.18147687692250714,0.05280498304820851,-0.004490966634858478,0.11451979683139839,0.2862317450383165,0.2308322523938926,0.2748357516025155,0.001010676622649928,0.1290445871928124,0.01362624949893023,-0.00016955329234943323,0.06873670898439932,1.0,0.20987653544460452,0.2586301565848572,0.5472070873031933,0.4911639371865454,0.43866752673493353,0.22872660799676411,0.1723773481006038,0.38975535160867586,0.12584447533462387,0.0991689830123327,0.42939031516955856,0.20945992721033213,-0.03070860758972581,0.10456758594617072,0.011978592570395326,0.04803932430420895,0.6229807146992228,0.31222159343020994,0.587973081094901,0.15858993546215336,-0.029539772330142287,0.554984711707936,0.5976368833904844,0.14419998817600327,-0.02769105621173306,0.45575497754521027
hair_loss,0.24823125961837456,-0.008385703312208012,0.8593098721594943,0.04521751138055322,0.004929435002380756,-0.0017395223132818678,0.4589757290672788,0.06602447499251683,0.12748480852485042,-0.006420934533483396,0.06654446652744478,-0.0014917640099788856,-0.019213812493876627,0.6033298709906767,0.001151678510080268,-0.009986746057186715,0.20987653544460452,1.0000000000000007,-0.006867541176395013,0.27024971317965524,0.28026563180473435,0.08440243608207086,0.1298530525349635,0.04847423462566353,0.18359478021985623,0.029010187065856702,0.1019012286335695,0.14190183593267,0.025049281657111643,-0.009070024307140512,-0.014620710929974901,-0.016135136079041476,0.013037794647632795,0.35765198891314703,0.07965853590683387,0.3321340931524327,-0.028458527704701683,-0.019822562727977312,0.3125161317447335,0.5590379831952308,0.050847568841959005,-0.005334742126467184,0.26187891260084617
headaches,0.10132568354102797,0.21770358867707412,0.20764021831265506,0.09791186616845149,0.14623567422272868,0.015216513897078643,-0.0030357227161423826,0.07665002096096725,0.016843179399151486,0.3776063588103322,0.05092393276298392,0.01068382771422952,0.19333316518608828,0.01859273715269581,0.006783951628638359,0.07382751500511227,0.2586301565848572,-0.006867541176395013,1.000000000000001,0.11004736831282835,0.012706168335642977,0.07728593178701977,0.054311445858038175,0.04051502732526087,0.04849276079313122,-0.033106368731772286,0.0999083239410758,0.2949582820801302,0.26098961501997764,-0.02544275351537548,0.020674572806067087,0.041209294105115916,0.023468826816615305,0.025978272518944467,0.08256998333691722,0.01592404001912726,0.26376097430826934,-0.017458542093037044,-0.005134573920196519,0.01151484225866691,0.10248370012419727,0.0009856664551187435,0.018802053065941175
heartburn,0.5929446273682802,0.10580387389029007,0.028056884093052563,0.10082363219861004,-0.004777391487491113,-0.00993584933901401,0.01776632757665192,0.21574454342936147,0.34980890735608033,0.03947389820214803,0.31935711769116776,0.008209967076178838,0.16489742695697293,0.04402367532361487,0.004857072479073813,0.02603438755962688,0.5472070873031933,0.27024971317965524,0.11004736831282835,1.0000000000000004,0.5981023923782113,0.2843462651668098,0.334499966217097,0.12559908905628825,0.4483004119755705,0.05170502242872649,0.035212837499732655,0.44350904771473776,0.18651706059124987,-0.022752668845099914,0.0011173445626362418,0.00577541961595451,0.06683274488133067,0.7723738477974799,0.18861627941212675,0.72144987476414,0.06578048266556331,0.010419527697276762,0.6755351325096967,0.766191395146095,0.2122441816831761,-0.01812273044187725,0.5697753603713552
incontinence,0.5506109098469373,0.018527098081792363,0.029896702366584732,0.03384480619810056,0.0018178722355062938,-0.018005505796232626,0.04476208653652364,0.1536199407644237,0.2816424784791963,0.09639867029115672,0.15883350507422683,0.03263044283866987,0.026142177079935283,0.05059385681721013,0.05328915812538507,-0.0002560630460225301,0.4911639371865454,0.28026563180473435,0.012706168335642977,0.5981023923782113,1.0000000000000009,0.26371805784357016,0.28968331999830443,0.2969381045324006,0.6358025865467631,0.07419753375061901,-0.010497081212574998,0.3111993464004846,0.05260090365835931,0.027166959452606096,0.14680366376933424,0.003668882071526539,0.034484686418173385,0.7826412536232187,0.16890362492603464,0.73036889488515,-0.016017532921554174,0.007728402130761332,0.7154838046217507,0.7489262953393073,0.13761256438800323,-0.015891376359819662,0.5709707704256777
insomnia,0.2606734102207631,0.31232225761840415,0.029639447336447897,0.10186205247009306,0.27124020858207615,0.04549550684514702,0.008969672033631705,0.04528505767879985,0.12584083929534193,0.3646011440749474,0.23396597692304888,0.019537614581806483,0.12758675162699623,0.018949290744377203,0.051354548042716275,-0.042996548412407576,0.43866752673493353,0.08440243608207086,0.07728593178701977,0.2843462651668098,0.26371805784357016,0.9999999999999998,0.10466344673101048,0.31921666301020357,0.17140141027633193,0.01836279759532435,0.06515460212396165,0.13204516853059745,0.07280514032217177,-0.024880368457960052,0.03828407695235067,0.07175876856002722,-0.00434688860777861,0.27917209223041445,0.04912132831117339,0.2745958397898724,0.14546613061062544,-0.01482758880130204,0.22992149075836227,0.2666848552265622,0.08191265966615442,-0.029803008875119916,0.18721745205904397
irregular_beat,0.2464601343443496,0.0709455727293882,-0.003385299282788151,0.02253052150107148,5.7909242434965716e-05,-0.0187237373280333,-0.00010490689627708177,0.07625398601194859,0.12774599137095055,0.05473586804780735,0.09482551296300859,-0.0075124468110642495,-0.0024612350085459114,0.011420147117823453,-0.0020168926121133792,-0.027575681169889003,0.22872660799676411,0.1298530525349635,0.054311445858038175,0.334499966217097,0.28968331999830443,0.10466344673101048,1.0000000000000007,0.06108361068643415,0.23625212568378723,0.04846690857856205,0.09682394783796039,0.15976256550322332,0.1170352893175204,-0.003206598755072253,-0.040675210075027106,0.19449780539077574,0.25791349518800205,0.3801840517558797,0.08206559919690215,0.34913119192698505,0.08148843612360201,0.022266442456453303,0.3196994124714025,0.3678146549728128,0.12559596465982728,-0.014812227098497213,0.3630518232071045
itchy_skin,0.12283952933623467,0.3625113465407518,0.08939359377664302,0.04966708346156318,0.08574242800430858,-0.028606921968282205,-0.01451294275232248,0.1823171062448583,0.05870382267598622,0.23168767059941864,0.1047616008211007,-0.009240892658228504,0.020845387710140908,-0.007451284986694007,0.036531524921184735,0.09225717760234067,0.1723773481006038,0.04847423462566353,0.04051502732526087,0.12559908905628825,0.2969381045324006,0.31921666301020357,0.06108361068643415,0.9999999999999997,0.31961203768014274,0.05471671743044616,0.1777841411288581,0.06207516649263847,0.17910241906854008,-0.00788636339167996,0.16797137837387008,0.2710656817298306,0.04109335690164064,0.16354421458764515,0.04940635460017527,0.18968836676325843,-0.04336670970197022,0.14813088801262664,0.14950814008026847,0.15326813866954334,0.0013037774470199077,-0.030969591369258254,0.1318339179268641
joint_pain,0.5374277169261924,0.05067427720666818,0.0432158974455937,0.14170537563878738,0.04684206236354582,0.05843337364446329,0.009117354962786569,0.21081813080993725,0.21500459556872933,0.06044166703469077,0.15052537605484265,-0.016105310067926468,0.10812212434299406,0.019312247605921668,0.006361555710562846,0.1062282545693557,0.38975535160867586,0.18359478021985623,0.04849276079313122,0.4483004119755705,0.6358025865467631,0.17140141027633193,0.23625212568378723,0.31961203768014274,1.0000000000000002,0.1172255796194381,0.05420038219922588,0.39661885022226623,0.11223556908432009,0.08771272233959287,0.1714763959876431,0.00154883778400989,0.03042473421064565,0.5479798370761745,0.18281232525072427,0.5147905912383831,-0.006230337172184903,0.12357134415995745,0.5113682135411172,0.5293024094369635,0.14618283414535135,-0.032494915755804536,0.3881032934727713
memory_lapse,0.0725995901180056,0.1790679878924564,0.03263345624237635,0.4784651445000309,0.04003131070399582,0.04529320155774086,-0.006703757624765521,0.07937615316825296,0.033663970028819025,-0.057728281141260704,0.026637868227371655,-0.014999191462422505,0.06911278326308652,0.0024373424034610765,-0.0053514925056676885,0.0499496757680189,0.12584447533462387,0.029010187065856702,-0.033106368731772286,0.05170502242872649,0.07419753375061901,0.01836279759532435,0.04846690857856205,0.05471671743044616,0.1172255796194381,0.9999999999999999,0.05726241137025376,0.022755910883161142,0.04554961677504515,-0.03294610108384083,0.23853445073579171,-0.014553322807748277,-0.019390906458759627,0.09696711313839773,0.6342839375118727,0.07426586114084308,-0.0628565887550939,0.055310174815474046,0.08167561885940938,0.09045245903837516,0.06337827950213891,-0.018308303812360004,0.0761651988410905
mood_swings,0.05418821159522231,0.3139177345041492,0.18519040639400153,0.18588830791628588,0.16963078792438424,0.04391452341946036,0.057372845377318425,0.06177600499451602,0.01836119863079286,0.1308432912222174,0.08444681683219542,0.010306820604890717,-0.008492943178054055,0.09467058101296051,0.02413615518445435,0.06554700421202249,0.0991689830123327,0.1019012286335695,0.0999083239410758,0.035212837499732655,-0.010497081212574998,0.06515460212396165,0.09682394783796039,0.1777841411288581,0.05420038219922588,0.05726241137025376,1.0000000000000007,0.024698085748810793,0.09748920369288057,0.05184023198617668,0.03382385623928178,0.2583534862985643,0.16341621351449628,0.006044430778017339,0.03258461746729781,0.023566674742922237,0.02380803707155594,-0.007599026685180863,0.02134036488904135,0.03305106565545272,0.05343005262483195,-0.033917948589997395,0.16998721981162335
muscle_tension,0.3457923039020544,0.1612452726309833,0.06037100179165522,0.1290462251839794,0.1931411134640582,0.2278800925467407,-0.002325864868538884,0.19131830338524625,0.2293023434221884,0.1464905036447641,0.19503080663046646,0.0033663745809208606,0.20746244792971796,0.014206966140889865,0.06468098946669272,0.19378849487840416,0.42939031516955856,0.14190183593267,0.2949582820801302,0.44350904771473776,0.3111993464004846,0.13204516853059745,0.15976256550322332,0.06207516649263847,0.39661885022226623,0.022755910883161142,0.024698085748810793,0.999999999999999,0.09408059855558448,-0.011597511138442382,0.04186367670651813,-0.01566799665967507,0.024527609366255206,0.4018613627912733,0.2051949442049155,0.3768742384956058,0.34806910769264604,0.038211443039458275,0.34580769569858827,0.38352162436398696,0.14147011308975785,-0.020955539057324907,0.2689956802040603
nausea,0.0727925876609176,0.18776885079973393,0.08249407222906781,0.08978558024760658,-0.026048802053854493,-0.010640043937935021,-0.020390512878845933,0.10799954570015888,0.06861040419085815,0.1854656493254701,0.13991912078354166,0.00651551749022997,0.20069270035071451,0.001026201500579763,-0.004346299110209127,-0.01938963896884041,0.20945992721033213,0.025049281657111643,0.26098961501997764,0.18651706059124987,0.05260090365835931,0.07280514032217177,0.1170352893175204,0.17910241906854008,0.11223556908432009,0.04554961677504515,0.09748920369288057,0.09408059855558448,0.9999999999999999,-0.03406161699562491,0.03895019171479716,0.0878135351987424,0.01858722780300178,0.1042725699361899,0.09471722035188733,0.12114406472026264,0.04488054634955929,0.0847524049955442,0.08609779949213543,0.11407120699152358,0.163415555068154,0.002397572160556934,0.1042401125424155
nipple_discharge,0.07945879222845492,-0.018027774179755752,0.008123093243815823,0.04274554500981672,0.005025223729764886,0.024114235433093937,-0.007247499339070275,-0.013290561684560692,-0.0023958520343462185,0.04016799894699355,-0.003018609034748395,0.005437046896333135,0.032796930350971996,-0.008442084661508194,-0.006096923987620933,-0.015946360943418343,-0.03070860758972581,-0.009070024307140512,-0.02544275351537548,-0.022752668845099914,0.027166959452606096,-0.024880368457960052,-0.003206598755072253,-0.00788636339167996,0.08771272233959287,-0.03294610108384083,0.05184023198617668,-0.011597511138442382,-0.03406161699562491,1.0000000000000007,-0.04514302041739718,0.12293474679483564,0.02974582425823814,-0.008995666210480343,-0.017520759099903964,-0.023971190113704847,-0.031204301213757373,-0.043711723187407965,0.0013294393474083772,-0.0035163308135476882,0.14278561565073974,-0.009664429878453408,0.08584402575341767
odor,-0.008125845092961465,0.10084980775607198,0.028587432588126453,0.17471273208888116,0.03250446759649744,0.05576864916603846,-0.015668820593550722,0.023255035384228035,0.04261675146454547,-0.03566829247732038,0.07157812237049002,-0.01007173919264936,0.09388625496268424,0.001397060381496106,-0.0013507921015387884,0.12221929372127421,0.10456758594617072,-0.014620710929974901,0.020674572806067087,0.0011173445626362418,0.14680366376933424,0.03828407695235067,-0.040675210075027106,0.16797137837387008,0.1714763959876431,0.23853445073579171,0.03382385623928178,0.04186367670651813,0.03895019171479716,-0.04514302041739718,0.9999999999999996,-0.03772944197229707,0.007452889983567774,-0.018258034746366236,0.1809090756740605,-0.019329860907078174,-0.0359776199861094,0.0444505607925464,0.04103722060472466,0.009212221833040062,0.12188130176501256,-0.00393242969462332,0.046974418523599966
ovulation,-0.01627250260090724,0.13596916968824768,0.034833691001568294,-0.013168048349077964,0.07274115147773848,-0.012086056925468398,-0.011332977278711309,-0.02163940463705944,-0.0037916872300041015,0.2064348515021939,-0.005197025258569575,0.01994959188042173,0.0014301701753024383,-0.0075021332301967265,0.018540083173100828,-0.028196700467149796,0.011978592570395326,-0.016135136079041476,0.041209294105115916,0.00577541961595451,0.003668882071526539,0.07175876856002722,0.19449780539077574,0.2710656817298306,0.00154883778400989,-0.014553322807748277,0.2583534862985643,-0.01566799665967507,0.0878135351987424,0.12293474679483564,-0.03772944197229707,0.9999999999999998,0.35505955242863757,-0.011913460796362477,-0.012402760020560536,3.017716685559067e-05,0.08902670882369551,-0.05131402577139523,0.02007141485748411,-0.008913544742811051,-0.033651890806834776,-0.0053116438037611995,0.17166890270760785
ovulation_pain,0.03198561498222596,-0.012349319830681094,0.034022437353480345,-0.06710108596318816,0.024253978304352077,0.2416832185591655,-0.012821578519722194,-0.02240610975924813,0.48992302090329437,0.1405402291100003,0.026118621382230634,-0.007523166352366887,-0.006174055335690259,-0.017974763258724026,-0.013704637326809396,0.038447757117903596,0.04803932430420895,0.013037794647632795,0.023468826816615305,0.06683274488133067,0.034484686418173385,-0.00434688860777861,0.25791349518800205,0.04109335690164064,0.03042473421064565,-0.019390906458759627,0.16341621351449628,0.024527609366255206,0.01858722780300178,0.02974582425823814,0.007452889983567774,0.35505955242863757,1.0,0.0685929886846465,-0.004882166513463234,0.062151681394121056,0.11270105435946307,-0.04941356934961435,0.08094152282863386,0.07050510338633965,0.029544097289079984,-0.002972602945064087,0.2618197156038799
painful_intercourse,0.7054598970701537,0.02871420174156887,0.03915390326427544,0.0755126865385438,0.007654493378271285,-0.01066369139758556,0.03831664110249668,0.18455318253467337,0.38032565203965024,0.054915220321109105,0.23506814384134744,0.010910147498949694,-0.018276862714626738,0.04504455851965318,0.020227137923049806,0.01740313456659015,0.6229807146992228,0.35765198891314703,0.025978272518944467,0.7723738477974799,0.7826412536232187,0.27917209223041445,0.3801840517558797,0.16354421458764515,0.5479798370761745,0.09696711313839773,0.006044430778017339,0.4018613627912733,0.1042725699361899,-0.008995666210480343,-0.018258034746366236,-0.011913460796362477,0.0685929886846465,1.0,0.20638393568303406,0.9275960691021679,0.0024206047938262875,0.003958818313871052,0.857338023229083,0.9454734242510903,0.17439573420614318,-0.004998934154816688,0.7076902241463403
ringing_ears,0.2709410756861645,0.18616835971961215,0.11011280634937971,0.49637439080084744,0.15839172000532187,0.19080984534802747,0.0014047961385729257,0.11482950250557603,0.10104234262423704,0.14553332575661995,0.15252480160028314,-0.004423640793040749,0.224185276175084,0.03599419402844362,0.002447591232835425,-0.015307151970354167,0.31222159343020994,0.07965853590683387,0.08256998333691722,0.18861627941212675,0.16890362492603464,0.04912132831117339,0.08206559919690215,0.04940635460017527,0.18281232525072427,0.6342839375118727,0.03258461746729781,0.2051949442049155,0.09471722035188733,-0.017520759099903964,0.1809090756740605,-0.012402760020560536,-0.004882166513463234,0.20638393568303406,0.9999999999999999,0.18387895746749233,0.12371668884117741,0.06655077109464656,0.17399260720148518,0.21659062141572716,0.08239230775854861,-0.0018970214745003332,0.15008988369335033
sex_drive,0.6557817758344004,0.04145252908975241,0.04117996979060741,0.047609751255660256,-2.633644152065733e-05,-0.023528298359397296,0.029706731540277264,0.18222262488333002,0.3541510708676868,0.05554413056485628,0.22056349680502016,0.003655718422027333,-0.029568202044317107,0.0314644605620218,0.0133962694272144,0.023447303518139746,0.587973081094901,0.3321340931524327,0.01592404001912726,0.72144987476414,0.73036889488515,0.2745958397898724,0.34913119192698505,0.18968836676325843,0.5147905912383831,0.07426586114084308,0.023566674742922237,0.3768742384956058,0.12114406472026264,-0.023971190113704847,-0.019329860907078174,3.017716685559067e-05,0.062151681394121056,0.9275960691021679,0.18387895746749233,0.9999999999999989,-0.00983281067704095,-0.021736533957027567,0.8181947309644041,0.8900194356633998,0.14058297689658464,-0.013320903442526085,0.6630561702141272
spotting,0.04249793724547779,-0.017344062920744592,0.04518993049665762,0.02743728386033682,0.3066507538619312,0.08818524012612,0.026093721969333572,0.054770108403932774,0.10344010211940372,0.45870997105188305,0.01469173823336759,0.048071496836983835,0.20820184921307394,0.04522844805296078,0.0840150312284293,0.08999777695043958,0.15858993546215336,-0.028458527704701683,0.26376097430826934,0.06578048266556331,-0.016017532921554174,0.14546613061062544,0.08148843612360201,-0.04336670970197022,-0.006230337172184903,-0.0628565887550939,0.02380803707155594,0.34806910769264604,0.04488054634955929,-0.031204301213757373,-0.0359776199861094,0.08902670882369551,0.11270105435946307,0.0024206047938262875,0.12371668884117741,-0.00983281067704095,0.9999999999999999,-0.044994447070640105,-0.026856355708370586,-0.010418649147309934,0.06419906857806924,0.025067348431667344,0.02846360366121034
tingling_extremeties,-0.01522864545194347,0.03921419341041548,-0.02994644803909355,0.11029482621612703,-0.03887256617241133,-0.05492781229875722,-0.020251594434329976,0.10870397026175282,-0.021184431114468022,-0.07382648730419712,0.03462049498628716,-0.012079193068639261,0.13216933413398577,-0.0005415536314969526,-0.008005707463300944,0.07279086355215156,-0.029539772330142287,-0.019822562727977312,-0.017458542093037044,0.010419527697276762,0.007728402130761332,-0.01482758880130204,0.022266442456453303,0.14813088801262664,0.12357134415995745,0.055310174815474046,-0.007599026685180863,0.038211443039458275,0.0847524049955442,-0.043711723187407965,0.0444505607925464,-0.05131402577139523,-0.04941356934961435,0.003958818313871052,0.06655077109464656,-0.021736533957027567,-0.044994447070640105,0.9999999999999998,-0.014793192835942593,0.00026009980688684664,0.04162647579124071,-0.01325382104261334,-0.002932693382792273
uti,0.601014185186936,0.0407915486439736,0.03360999259941089,0.06478347478721133,-0.006453585330579812,0.014683306076446153,0.03003052531333471,0.1369762904151703,0.3292224370652534,0.05107454166768376,0.2132137516288387,0.012147407494488248,-0.027149928117115522,0.035180724651299816,0.015515477903576038,0.003199832690129254,0.554984711707936,0.3125161317447335,-0.005134573920196519,0.6755351325096967,0.7154838046217507,0.22992149075836227,0.3196994124714025,0.14950814008026847,0.5113682135411172,0.08167561885940938,0.02134036488904135,0.34580769569858827,0.08609779949213543,0.0013294393474083772,0.04103722060472466,0.02007141485748411,0.08094152282863386,0.857338023229083,0.17399260720148518,0.8181947309644041,-0.026856355708370586,-0.014793192835942593,1.0000000000000009,0.8603217305101352,0.15877877338512789,-0.008865308611972735,0.771709365748506
vaginal_dryness,0.683966035469412,0.049633754836293585,0.2502470988186382,0.08219940151713732,-0.004337242393167564,0.008973687838110785,0.1469614583014256,0.17493511296322528,0.36333772580792745,0.041677110662680227,0.23203968779169815,0.008431143592449678,0.0077481690649929364,0.19191872252594386,0.01655848648520365,-0.01624054287245679,0.5976368833904844,0.5590379831952308,0.01151484225866691,0.766191395146095,0.7489262953393073,0.2666848552265622,0.3678146549728128,0.15326813866954334,0.5293024094369635,0.09045245903837516,0.03305106565545272,0.38352162436398696,0.11407120699152358,-0.0035163308135476882,0.009212221833040062,-0.008913544742811051,0.07050510338633965,0.9454734242510903,0.21659062141572716,0.8900194356633998,-0.010418649147309934,0.00026009980688684664,0.8603217305101352,1.0000000000000002,0.17348691582343698,-0.006240720434018864,0.703706499984671
vertigo,0.11715423154474254,0.12460725860643164,0.018417398092182246,0.1245601828684301,0.0072411922217630225,-0.029537081603141387,0.07435799931877059,0.0549649853667508,0.10906612158171088,0.028541934170097996,0.18956697192414398,0.08775575502299467,0.2799373438869655,0.06548659176528765,0.0867363405271476,0.048862102711108815,0.14419998817600327,0.050847568841959005,0.10248370012419727,0.2122441816831761,0.13761256438800323,0.08191265966615442,0.12559596465982728,0.0013037774470199077,0.14618283414535135,0.06337827950213891,0.05343005262483195,0.14147011308975785,0.163415555068154,0.14278561565073974,0.12188130176501256,-0.033651890806834776,0.029544097289079984,0.17439573420614318,0.08239230775854861,0.14058297689658464,0.06419906857806924,0.04162647579124071,0.15877877338512789,0.17348691582343698,0.9999999999999991,-0.006542049525228068,0.21690403982483294
vomiting,-0.020895895188467618,-0.007413408183527037,-0.018364719679429656,0.01817689818400047,-0.011952073492759778,-0.011829313678477263,-0.0062494540111500164,-0.003996928003810205,-0.013273921203051934,-0.013189602938470798,-0.01878749916333391,0.003165974590108179,0.03440601588685926,-0.008619915519856294,-0.0080767680170285,-0.030461296289067318,-0.02769105621173306,-0.005334742126467184,0.0009856664551187435,-0.01812273044187725,-0.015891376359819662,-0.029803008875119916,-0.014812227098497213,-0.030969591369258254,-0.032494915755804536,-0.018308303812360004,-0.033917948589997395,-0.020955539057324907,0.002397572160556934,-0.009664429878453408,-0.00393242969462332,-0.0053116438037611995,-0.002972602945064087,-0.004998934154816688,-0.0018970214745003332,-0.013320903442526085,0.025067348431667344,-0.01325382104261334,-0.008865308611972735,-0.006240720434018864,-0.006542049525228068,1.0000000000000002,-0.009540786024847614
yeast_infection,0.48883228159641734,0.033814551134557926,0.038471708521047615,0.03838808882051175,0.03701618869606469,0.031193708681933396,0.08817826359699932,0.11422575728439065,0.30168128716619186,0.14259771932685975,0.1710055710917307,0.0835088763860811,-0.030797953886739646,0.08653637379465415,0.0814107706083433,0.034436386084299296,0.45575497754521027,0.26187891260084617,0.018802053065941175,0.5697753603713552,0.5709707704256777,0.18721745205904397,0.3630518232071045,0.1318339179268641,0.3881032934727713,0.0761651988410905,0.16998721981162335,0.2689956802040603,0.1042401125424155,0.08584402575341767,0.046974418523599966,0.17166890270760785,0.2618197156038799,0.7076902241463403,0.15008988369335033,0.6630561702141272,0.02846360366121034,-0.002932693382792273,0.771709365748506,0.703706499984671,0.21690403982483294,-0.009540786024847614,1.0000000000000007
