,allergies,anxiety,bloating,brain_fog,breast_pain,breast_swelling,brittle_nails,chills,constipation,cramps,depression,diarrhea,dizzy,dry_eyes,dry_skin,facial_hair,fatigue,hair_loss,headaches,heartburn,incontinence,insomnia,irregular_beat,itchy_skin,joint_pain,memory_lapse,mood_swings,muscle_tension,nausea,nipple_discharge,odor,ovulation,ovulation_pain,painful_intercourse,ringing_ears,sex_drive,spotting,tingling_extremeties,uti,vaginal_dryness,vertigo,vomiting,yeast_infection
allergies,1.0000000000000002,0.368842995753005,0.11742313579247068,0.01837392896376463,0.040078812346045864,0.11868715780059433,0.3913597719762518,0.05027346730116375,-0.0031362337538351367,0.17941312184079067,0.11687180849829425,0.09920218034717379,0.026856274980410638,0.35094207736844824,0.3920868239732557,0.019866221585420236,0.11341504107159628,0.35194955339119216,0.04318573760992804,0.13876430671671633,0.09806465665545991,0.06497310372329097,0.0748934154073532,0.31503815917792777,0.06108317273573797,0.008996287641920045,0.01565485783523539,0.1647404627325457,-0.017699359474666648,0.0055602704669576765,0.06000839677026539,-0.016292693174580333,0.01116624696845863,-0.02096923787833747,0.010080672713166169,0.0410592534308551,-0.004713877973351483,0.11567870858993957,-0.016003139195844902,0.0008426541283125491,-0.01743190627582724,-0.008256613081055386,-0.004266376581792
anxiety,0.368842995753005,1.0000000000000002,0.09380250080755202,0.31607503809381077,0.07687053940293712,0.04145961924232068,0.5963911105267095,0.11465015940491131,0.009768853209548569,0.06533522150576652,0.4354423789957417,0.06220252696641492,0.09707927808642498,0.44219785210130963,0.5266607903620606,0.11766413154409336,0.3113789973895702,0.5163427119835169,0.09269782236138907,0.032873534086041566,0.06448334340407139,0.45307210214769794,0.09446760437862141,0.35106251321095766,0.09903449572721285,0.289229115775714,0.34542839705464423,0.2523323872828329,0.11865226886180823,-0.011927096290940294,0.09437432617669793,-0.022953389964936184,0.043876371516967966,-0.0311978247541456,0.04658595946658332,-0.0031680458806456167,-0.03938449722628971,0.1370884372027213,-0.01939977220503645,0.012615642888680742,0.012712175089562471,-0.017542601961893566,0.0238438333720701
bloating,0.11742313579247068,0.09380250080755202,0.999999999999999,0.13509877508423856,0.13965421384403814,0.238036280266451,0.018546613503175487,-0.0015572634838065594,0.18243619975363487,0.2760167454389866,0.05152570435977813,0.038644101146378784,0.1140613426000111,0.09179341339926832,0.01223389947257313,0.0010075824752551663,0.2885215244806338,0.01546806500549641,0.13121093588506025,0.10800828331798697,0.02316741808216092,0.03693043576571446,-0.014671714202792374,0.05540118366063835,0.16413045245246669,0.11873634716978201,0.056400089336291516,0.12626660784351237,0.040909402617996825,-0.030412669439599273,0.057577169960549665,0.0877758559993517,0.12667026983312127,0.00640105633539131,-0.007984230966098498,0.011458346632087283,0.059585992251935144,-0.01122432648365499,0.15042772214308064,0.08608976301782971,-0.013299896039346093,-0.0078019244653338,0.0011387713259433591
brain_fog,0.01837392896376463,0.31607503809381077,0.13509877508423856,0.9999999999999992,0.06868653441099407,0.00037289960604584225,0.048056077993998164,0.0804625423615394,0.05091420928821085,0.032488405554893164,0.3511588706309245,0.07046977064457097,0.15655015611454354,0.005761310290831031,0.055089997211858,0.06573308732828838,0.4099870836816562,-0.012593163888573079,0.1259709724780417,0.050185335016054704,0.13049402922646922,0.25905730812469185,0.042411498094463373,0.16503802416393504,0.23819509028509867,0.461272298634555,0.2536992747401069,0.1705753780394783,0.04927326926677781,-0.006727507286037891,0.02966537736858453,0.03375584710316251,-0.014712393776326311,-0.03689696988983763,0.07395610251541451,0.0546592140429452,-0.008706360513034032,0.21736349823220577,-0.002501165937800521,-0.0017588376963354436,0.0482168257838601,-0.020299465381259863,-0.025689328568263333
breast_pain,0.040078812346045864,0.07687053940293712,0.13965421384403814,0.06868653441099407,0.9999999999999987,0.4803690157004257,0.0016006980216477385,0.06165182923312953,0.058164852552755594,0.3073462058087379,0.009390739301532846,0.030838136181604157,0.12153292674699691,0.013450369677199694,0.012518236036851883,-0.05130883322332313,0.11907055811423657,0.07990418758474549,0.10731468476131631,-0.004361577025190432,-0.009428481380239506,0.07536153797887522,0.0038605816223169606,0.024330342644856142,0.2055410348694418,-0.036064726601972664,0.11704374769179629,0.14739123371572144,0.0910063964148814,-0.010503241734084186,0.0004059339238751544,0.014158695106108394,0.02528345616047824,0.009426268365820988,0.0384473153103301,-0.026082114668677537,0.1108004503406527,0.11001705924029515,0.046613587558268374,0.013307773088776833,0.011659301049222885,0.030169365652507954,-0.030914865064633482
breast_swelling,0.11868715780059433,0.04145961924232068,0.238036280266451,0.00037289960604584225,0.4803690157004257,1.0000000000000004,-0.00629918445211603,0.0015063512129108692,0.06408280346202438,0.18370604647858466,-0.04050712589584137,0.01867204110193801,-0.01276470557436339,0.03793338298059272,-0.007190132863178058,-0.029793330085614293,0.008117692501929105,0.07128208597819521,0.033534624155315586,-0.0178614812966088,0.02580358355925045,0.02779958135304509,-0.012157661885709839,0.02740501796923229,0.04860993416668785,-0.056622791236945004,0.05669527978656792,0.07236991732489303,0.022739873720518004,-0.006131171416990282,0.06812184372585056,0.028473024338623722,0.03460636442761011,-0.017728588485148813,-0.004549808105227186,0.011690560689920113,0.04456014964559748,-0.009993285647777418,0.0257896920577367,0.13216479765953273,0.025234316190204976,0.005761634400086778,0.1631072743673031
brittle_nails,0.3913597719762518,0.5963911105267095,0.018546613503175487,0.048056077993998164,0.0016006980216477385,-0.00629918445211603,1.0000000000000002,0.0084195193568917,-0.0019602039093135635,-0.02624357079945499,0.24245868209022292,0.016063914556070785,-0.016351866450945756,0.7901836084375694,0.9084511795970378,0.032467773668801235,0.07403827252416141,0.91176533481349,-0.0031333562004061213,-0.0038153791686139737,0.04786661725408829,0.14244403577417963,0.0393813440800234,0.4244643105130013,0.06216990416114726,0.07107845230682501,0.04661420313318493,0.27404548349162855,-0.014313225074087842,0.005310172507795713,0.006763982413725261,-0.004865980233233635,-0.006593897089567154,0.0035375960071742122,-0.004952954657972721,-0.004946957214530464,-0.013144914159301644,0.07171878237282907,-0.006342889078006846,0.013980328382202678,-0.008897437417018992,-0.007178927459138019,-0.008477749160164348
chills,0.05027346730116375,0.11465015940491131,-0.0015572634838065594,0.0804625423615394,0.06165182923312953,0.0015063512129108692,0.0084195193568917,1.0000000000000002,0.04619087618181286,0.026936183168459384,0.03004230249045865,0.026645957388912102,0.1034804631727897,0.027620196952603898,0.05376202836311473,0.18105450199262343,0.06346432077363003,0.013008625046382706,0.10033024351152478,0.09119897839678555,0.13460581950355416,0.08234456653003384,0.06221185036363929,0.16800781626231293,0.05687492894641403,-0.0022382942566099525,0.016479844641786746,0.1633737281311015,0.09507304938654618,0.0020802130817973033,0.043184920109343945,-0.0028316445022371207,0.14340093025211215,0.017864376544632854,0.0901791428427231,0.03468436178847126,0.005159147073816517,0.19667788379271314,-0.010313209546352913,0.051145929947701986,0.06944468377580755,0.016505632100586504,-0.0008152304095976873
constipation,-0.0031362337538351367,0.009768853209548569,0.18243619975363487,0.05091420928821085,0.058164852552755594,0.06408280346202438,-0.0019602039093135635,0.04619087618181286,1.0000000000000004,0.09813749085459302,0.03531224338922074,0.018305941604557854,0.12790298673760847,0.15081800460254913,0.021452505221135856,0.11840269220166427,0.12240368578104617,0.011815891343735884,0.17676528057503485,0.0413574600893694,0.07572382916145298,0.08023885358176146,0.09066701452874026,0.02926903409345381,0.10496076237932894,0.01975267365728037,0.020963025792585726,0.09355738073351483,0.04818679547972335,-0.0045139849454056006,0.03309511413112266,0.004400009421990521,0.11230629054499182,-0.01371202925181075,0.17354407784249465,0.06769580941819386,0.19152660504717814,0.05919444172769926,-0.011767805366443588,0.12238076294171339,0.03026241083109899,-0.017440841536542625,0.029612159180534666
cramps,0.17941312184079067,0.06533522150576652,0.2760167454389866,0.032488405554893164,0.3073462058087379,0.18370604647858466,-0.02624357079945499,0.026936183168459384,0.09813749085459302,0.9999999999999992,-0.05813810815485258,0.1378963860546888,0.1165257208898067,0.013728195605738146,-0.021161382039382035,-0.00430978354666788,0.18823822001733925,-0.006723662901714946,0.24970910609557395,0.08806303914515395,0.08462917793759644,0.0679578758432065,0.06345535991603697,-0.029959336667534583,0.10622853924578492,-0.08639420515578525,0.07763835793550779,0.1078826134322499,0.10832481658998057,-0.05177761433838237,0.07654232708680628,0.0019228637672062813,0.1799062790517171,0.01511903389077363,0.03501488443755656,0.026317308274966363,0.2682959861267437,0.0012018921006294219,-0.01674345996537113,-0.011061414934482969,0.007751622502986559,0.0109621769527109,0.026861183024266443
depression,0.11687180849829425,0.4354423789957417,0.05152570435977813,0.3511588706309245,0.009390739301532846,-0.04050712589584137,0.24245868209022292,0.03004230249045865,0.03531224338922074,-0.05813810815485258,0.9999999999999994,0.06809813690370184,0.04623676420187572,0.1323976572653573,0.2298538295022636,0.07190660589395809,0.29380310090956097,0.1477423272778855,0.11939148364951217,0.03649830201568946,0.17814828223038934,0.30999299373493405,-0.004149476175435057,0.3326157711677078,0.13965873481063026,0.2959980717352509,0.3797470486344716,0.1580417982266872,0.02031497697842842,0.0039393574045408645,0.08436924518132632,-0.01187799062457834,-0.02131075347323457,0.04773059232751522,0.07931126168630172,0.03550957478355367,-0.05970455117419735,0.17668218332510804,-0.020113896456394272,0.03714909346141724,-0.029078341796447135,0.17330504272785488,-0.02980515667726979
diarrhea,0.09920218034717379,0.06220252696641492,0.038644101146378784,0.07046977064457097,0.030838136181604157,0.01867204110193801,0.016063914556070785,0.026645957388912102,0.018305941604557854,0.1378963860546888,0.06809813690370184,1.0000000000000004,0.06984719337359259,0.00404518086200582,0.03976148424772059,0.0597020455016798,0.07990558519487967,-0.0008614111548371683,0.07319290268724346,0.2247871383884077,0.2172079791993208,0.08424312565651328,0.4348915831251182,0.14897737022571203,0.10064877303205812,-0.0010310750223162684,0.015178758166258277,0.08744357601196254,0.1644894563784823,-0.008223420249280224,0.07382190923289099,0.01335948717055944,0.028749624450619345,-0.005797247319619918,0.18644952259728484,0.01441580708349253,0.07885295233669433,0.14935399863570578,0.03454934390938216,0.024874670278373645,-0.004310756413704343,0.011272306983275965,0.03269608144666742
dizzy,0.026856274980410638,0.09707927808642498,0.1140613426000111,0.15655015611454354,0.12153292674699691,-0.01276470557436339,-0.016351866450945756,0.1034804631727897,0.12790298673760847,0.1165257208898067,0.04623676420187572,0.06984719337359259,1.0000000000000009,0.07787813815763688,0.0184312777684074,-0.0310893639540076,0.20558000586566597,-0.005947148371048896,0.2779098959169825,0.05949949799606058,-0.018827354465211246,0.06014554491872074,0.1043116370293945,0.04718619745964887,0.16899001517617976,0.01735960359755429,0.062371315830899866,0.2329902416589619,0.3460331985510868,-0.013171026480328885,0.043747735096039485,0.09201942859555329,0.10992972731619552,-0.0040329675950006505,0.11972979818649582,-0.02356928871146999,0.09803348784533986,0.13265940986298155,0.13519237402183015,0.03760104048813448,0.16162605446165926,0.010597704967974316,0.015447052799116817
dry_eyes,0.35094207736844824,0.44219785210130963,0.09179341339926832,0.005761310290831031,0.013450369677199694,0.03793338298059272,0.7901836084375694,0.027620196952603898,0.15081800460254913,0.013728195605738146,0.1323976572653573,0.00404518086200582,0.07787813815763688,0.9999999999999999,0.7583975910414743,-0.011009890776026595,0.12588682838522425,0.7581393442589462,0.07923575225816322,0.003438099620667974,0.01519308239062465,0.03349245934825903,0.05520499915180496,0.2959904381006734,0.056479715214137034,-0.012472257610253676,-0.01745206438025549,0.2380451025015816,-0.012042007827595694,0.006281821896950484,-0.01668384163185089,-0.016324878487849418,0.009541133965663182,-0.004034017113945754,0.013065092887972765,-0.009571487265094056,0.07090087803305631,0.02606195891846574,-0.007972071259463242,0.22157177185993016,-0.012809620782881115,-0.011698505311760183,-0.012264726129484633
dry_skin,0.3920868239732557,0.5266607903620606,0.01223389947257313,0.055089997211858,0.012518236036851883,-0.007190132863178058,0.9084511795970378,0.05376202836311473,0.021452505221135856,-0.021161382039382035,0.2298538295022636,0.03976148424772059,0.0184312777684074,0.7583975910414743,1.0000000000000004,0.061161808106658944,0.07610878330865113,0.8645061642501645,0.004042577972422831,0.031095998694531345,0.13453850586292565,0.0751092186736427,0.02405726500838173,0.47830709055198245,0.06416173093037578,0.02193272273775019,0.020907444397675265,0.29507983924999964,-0.0030025394423682816,0.01056045679995954,0.006040486669913794,-0.01243033335488245,0.03151010264788445,1.3950605017323955e-05,0.013321975455547,0.01408383997679801,-0.007153255741934565,0.1170071916831844,-0.00514278060559433,0.013072332648093118,0.0009150732943806516,0.008023492446653827,0.005904353598404084
facial_hair,0.019866221585420236,0.11766413154409336,0.0010075824752551663,0.06573308732828838,-0.05130883322332313,-0.029793330085614293,0.032467773668801235,0.18105450199262343,0.11840269220166427,-0.00430978354666788,0.07190660589395809,0.0597020455016798,-0.0310893639540076,-0.011009890776026595,0.061161808106658944,1.0000000000000013,0.04902879626533185,0.026117759407313482,-0.06026983837664774,-0.007428295648900323,0.18831052584769065,0.18701129863241217,-0.014153060328208839,0.19806507868768827,0.047470286070351524,0.1331594413533942,0.10531010932643517,0.05972526946681437,-0.0042559933735231625,0.0347312125233769,0.07830213033198521,0.0215829966273027,0.05984588387763262,0.03096156267447738,0.1499212164810905,0.14221927260401598,-0.0634057245845331,0.06252349526255106,-0.0060342704736143175,0.023045208293342893,-0.015468891476072723,-0.02493691772962897,-0.018033975354492388
fatigue,0.11341504107159628,0.3113789973895702,0.2885215244806338,0.4099870836816562,0.11907055811423657,0.008117692501929105,0.07403827252416141,0.06346432077363003,0.12240368578104617,0.18823822001733925,0.29380310090956097,0.07990558519487967,0.20558000586566597,0.12588682838522425,0.07610878330865113,0.04902879626533185,1.0000000000000009,0.028514578850622516,0.2901579625113004,0.10283086385113546,0.13516195075343865,0.25505656589670916,0.022919119594833566,0.13385276019653117,0.2776421609788769,0.2656089032840664,0.3127988221142713,0.2431202391712963,0.07538779402109028,-0.05849296755511032,0.10490166848198221,0.013250938836746872,0.022508789671326915,0.005863034888944382,0.0574508722067909,0.006537561294320614,0.10782868682133374,0.16594468172033158,-0.02109502874204321,0.03985340233542097,-0.015399088995582818,0.22561465069812375,0.03684574218400855
hair_loss,0.35194955339119216,0.5163427119835169,0.01546806500549641,-0.012593163888573079,0.07990418758474549,0.07128208597819521,0.91176533481349,0.013008625046382706,0.011815891343735884,-0.006723662901714946,0.1477423272778855,-0.0008614111548371683,-0.005947148371048896,0.7581393442589462,0.8645061642501645,0.026117759407313482,0.028514578850622516,0.9999999999999996,-0.01766638143350217,-0.016169680984585176,0.061142011409116404,0.057080266559992675,0.028620409036451074,0.38923859404653105,0.039700163124706464,0.008704079759061671,0.0010169207138776607,0.248591881529378,0.021265075325514714,0.002057523928717956,0.0024864837261601254,-0.007816110946795964,-0.010868203095110223,-0.0022034354250310946,0.03983562240729586,0.013973338995363552,-0.02749146421868562,0.024831601902095015,-0.003810350715596283,0.0050955374860393665,-0.0038097909904084527,-0.008310974662685275,-0.00035373731019837726
headaches,0.04318573760992804,0.09269782236138907,0.13121093588506025,0.1259709724780417,0.10731468476131631,0.033534624155315586,-0.0031333562004061213,0.10033024351152478,0.17676528057503485,0.24970910609557395,0.11939148364951217,0.07319290268724346,0.2779098959169825,0.07923575225816322,0.004042577972422831,-0.06026983837664774,0.2901579625113004,-0.01766638143350217,1.0000000000000002,0.1454897859281154,-0.011578033160679593,0.08839403119584718,0.1019114363912993,0.04960032519285568,0.2548136870000088,0.022329464982959405,0.06990032305501041,0.3482026997346535,0.18363627589487408,-0.03202661619947127,0.019552838178879078,-0.027776130466528576,0.04716724789667674,0.09574236632755923,0.052013442748987,0.0014073364406285468,0.17445965642094985,0.2202378591368749,0.0007774359315323114,0.018967277534313678,0.041007547283624504,0.08105157826593912,0.04938421390817381
heartburn,0.13876430671671633,0.032873534086041566,0.10800828331798697,0.050185335016054704,-0.004361577025190432,-0.0178614812966088,-0.0038153791686139737,0.09119897839678555,0.0413574600893694,0.08806303914515395,0.03649830201568946,0.2247871383884077,0.05949949799606058,0.003438099620667974,0.031095998694531345,-0.007428295648900323,0.10283086385113546,-0.016169680984585176,0.1454897859281154,1.0000000000000002,0.038708871661203736,0.08824177262557656,0.19602677616311465,0.1021336535343985,0.026864584833250046,0.07352849827881722,-0.010774681440691143,0.1729172231335926,0.12761583069412355,0.00877416028189578,0.02598580589805142,0.07382821108930122,0.09632982004736215,-0.02195604680711982,0.013884492519821936,-0.01887780586353622,0.04109232584771397,0.03125392033290084,0.1303992185303829,0.0007426376152309313,0.006629166430828043,0.025747741843996155,-0.006265719949390965
incontinence,0.09806465665545991,0.06448334340407139,0.02316741808216092,0.13049402922646922,-0.009428481380239506,0.02580358355925045,0.04786661725408829,0.13460581950355416,0.07572382916145298,0.08462917793759644,0.17814828223038934,0.2172079791993208,-0.018827354465211246,0.01519308239062465,0.13453850586292565,0.18831052584769065,0.13516195075343865,0.061142011409116404,-0.011578033160679593,0.038708871661203736,1.0000000000000002,0.03348523016782019,-0.008658625856877223,0.3336012403759097,0.09000044668791271,0.053794045704116444,0.027920521831100983,0.0722980530684731,0.016988453789794265,0.003935432712242781,0.14072338574500481,0.006968473327628912,0.01898143471124738,0.0038079923552655865,0.2509012749380359,0.09231668920536001,-0.022801687129075054,0.1551609087004114,0.0007146554283603468,0.04175396658062251,-0.005950873486888183,0.008213150318410946,0.033425137786820644
insomnia,0.06497310372329097,0.45307210214769794,0.03693043576571446,0.25905730812469185,0.07536153797887522,0.02779958135304509,0.14244403577417963,0.08234456653003384,0.08023885358176146,0.0679578758432065,0.30999299373493405,0.08424312565651328,0.06014554491872074,0.03349245934825903,0.0751092186736427,0.18701129863241217,0.25505656589670916,0.057080266559992675,0.08839403119584718,0.08824177262557656,0.03348523016782019,0.9999999999999994,0.07779427150721015,0.1684004238320856,0.16315132759100787,0.3190379822581161,0.3298817719426707,0.11297161869354465,0.18285800380603479,0.0006645634791015149,0.05678281161195253,-0.017947683453884918,0.007276661913683963,-0.011586471611274999,0.004033501065433918,-0.025026102153722345,0.014630882975672742,0.1370045722297703,-0.0076213342618901714,0.061369696341541234,0.029841199969479114,0.021964286045716524,0.03236036986760713
irregular_beat,0.0748934154073532,0.09446760437862141,-0.014671714202792374,0.042411498094463373,0.0038605816223169606,-0.012157661885709839,0.0393813440800234,0.06221185036363929,0.09066701452874026,0.06345535991603697,-0.004149476175435057,0.4348915831251182,0.1043116370293945,0.05520499915180496,0.02405726500838173,-0.014153060328208839,0.022919119594833566,0.028620409036451074,0.1019114363912993,0.19602677616311465,-0.008658625856877223,0.07779427150721015,0.9999999999999987,0.06844849098145145,0.19427863687141697,0.00918294330266241,0.019169762707412594,0.06441522645888158,0.08949175712445262,-0.003819195338360296,0.047119936401635434,0.04654205501304945,0.0745174285975106,0.04350107336862105,0.16526926959123509,-0.013549483479681063,0.08735435206202305,0.048847933865188445,0.06210256938276084,0.04813963366257949,0.04741186754321654,0.01323592686014298,-0.029378086314914537
itchy_skin,0.31503815917792777,0.35106251321095766,0.05540118366063835,0.16503802416393504,0.024330342644856142,0.02740501796923229,0.4244643105130013,0.16800781626231293,0.02926903409345381,-0.029959336667534583,0.3326157711677078,0.14897737022571203,0.04718619745964887,0.2959904381006734,0.47830709055198245,0.19806507868768827,0.13385276019653117,0.38923859404653105,0.04960032519285568,0.1021336535343985,0.3336012403759097,0.1684004238320856,0.06844849098145145,1.0000000000000002,0.10634142945200283,0.12778499862709403,0.22036493830413706,0.17600063439458932,0.025806369003405036,0.03790786338219913,0.04549718286261775,-0.006763583190199649,0.044801640537654126,0.04947441100119817,0.15294113964670436,0.04107692422390443,-0.033676054224426336,0.2533023962977988,-0.013331189439141891,0.08182178184334689,0.00019563202483280763,0.15346093890894694,0.04288587074086513
joint_pain,0.06108317273573797,0.09903449572721285,0.16413045245246669,0.23819509028509867,0.2055410348694418,0.04860993416668785,0.06216990416114726,0.05687492894641403,0.10496076237932894,0.10622853924578492,0.13965873481063026,0.10064877303205812,0.16899001517617976,0.056479715214137034,0.06416173093037578,0.047470286070351524,0.2776421609788769,0.039700163124706464,0.2548136870000088,0.026864584833250046,0.09000044668791271,0.16315132759100787,0.19427863687141697,0.10634142945200283,0.9999999999999998,0.1180834384851539,0.10594856851744669,0.3849397845568868,0.13582634717966555,0.005321159439281776,0.008998250103204623,-0.021997084078128806,0.01891902968213322,0.03286082831761524,0.022501010536351326,0.012392575978238582,0.07314145711483722,0.25482677194404196,-0.0007659844165012643,0.04098355842306266,0.018372000940904208,-0.0057690595075999326,0.011702219835075736
memory_lapse,0.008996287641920045,0.289229115775714,0.11873634716978201,0.461272298634555,-0.036064726601972664,-0.056622791236945004,0.07107845230682501,-0.0022382942566099525,0.01975267365728037,-0.08639420515578525,0.2959980717352509,-0.0010310750223162684,0.01735960359755429,-0.012472257610253676,0.02193272273775019,0.1331594413533942,0.2656089032840664,0.008704079759061671,0.022329464982959405,0.07352849827881722,0.053794045704116444,0.3190379822581161,0.00918294330266241,0.12778499862709403,0.1180834384851539,0.9999999999999994,0.18542381327723648,0.08853840098261027,0.019115113620547727,0.010281159815583779,0.01966550870312737,0.009394938382794782,-0.02282605077464031,-0.03489853282677621,-0.011823821377818872,0.031355628272611395,-0.04583107054445722,0.09014775786480682,-0.012863849809833646,0.027265541942831595,0.03766612542920633,-0.010566891556499564,-0.02182636767607323
mood_swings,0.01565485783523539,0.34542839705464423,0.056400089336291516,0.2536992747401069,0.11704374769179629,0.05669527978656792,0.04661420313318493,0.016479844641786746,0.020963025792585726,0.07763835793550779,0.3797470486344716,0.015178758166258277,0.062371315830899866,-0.01745206438025549,0.020907444397675265,0.10531010932643517,0.3127988221142713,0.0010169207138776607,0.06990032305501041,-0.010774681440691143,0.027920521831100983,0.3298817719426707,0.019169762707412594,0.22036493830413706,0.10594856851744669,0.18542381327723648,1.0000000000000002,0.0969069677461716,0.026445526856794823,-0.014146191764878278,0.056781588670891135,0.03830336234284921,0.00661481213151411,0.02628329222623499,0.05276000360289166,0.11663812840445291,0.014321743819985617,0.07248114623490162,-0.005280693578106766,0.03471028117566533,-0.005133507404206224,0.5250030059408193,-0.012122352560256231
muscle_tension,0.1647404627325457,0.2523323872828329,0.12626660784351237,0.1705753780394783,0.14739123371572144,0.07236991732489303,0.27404548349162855,0.1633737281311015,0.09355738073351483,0.1078826134322499,0.1580417982266872,0.08744357601196254,0.2329902416589619,0.2380451025015816,0.29507983924999964,0.05972526946681437,0.2431202391712963,0.248591881529378,0.3482026997346535,0.1729172231335926,0.0722980530684731,0.11297161869354465,0.06441522645888158,0.17600063439458932,0.3849397845568868,0.08853840098261027,0.0969069677461716,0.9999999999999993,0.11405049292091343,-0.019248471140935832,0.060846074508652405,0.011227895330973944,0.12572897101396102,-0.009227668439364284,0.05980918203201772,0.03267456927175421,0.06977144426272491,0.3651615802584626,0.0008121711777931208,0.04354201013139796,0.026967669157665256,0.02802067888311186,-0.005787159096215097
nausea,-0.017699359474666648,0.11865226886180823,0.040909402617996825,0.04927326926677781,0.0910063964148814,0.022739873720518004,-0.014313225074087842,0.09507304938654618,0.04818679547972335,0.10832481658998057,0.02031497697842842,0.1644894563784823,0.3460331985510868,-0.012042007827595694,-0.0030025394423682816,-0.0042559933735231625,0.07538779402109028,0.021265075325514714,0.18363627589487408,0.12761583069412355,0.016988453789794265,0.18285800380603479,0.08949175712445262,0.025806369003405036,0.13582634717966555,0.019115113620547727,0.026445526856794823,0.11405049292091343,1.0,-0.007737884943873677,0.028997956422221558,-0.02531417266611035,0.05558782700958977,-0.024356204653733452,0.009826908374167288,0.002558389302375056,0.030493643117584637,0.09759392963501323,-0.01572636594703152,-0.0013675879484638133,0.09009762105694943,0.07500884832216995,0.09921046371420036
nipple_discharge,0.0055602704669576765,-0.011927096290940294,-0.030412669439599273,-0.006727507286037891,-0.010503241734084186,-0.006131171416990282,0.005310172507795713,0.0020802130817973033,-0.0045139849454056006,-0.05177761433838237,0.0039393574045408645,-0.008223420249280224,-0.013171026480328885,0.006281821896950484,0.01056045679995954,0.0347312125233769,-0.05849296755511032,0.002057523928717956,-0.03202661619947127,0.00877416028189578,0.003935432712242781,0.0006645634791015149,-0.003819195338360296,0.03790786338219913,0.005321159439281776,0.010281159815583779,-0.014146191764878278,-0.019248471140935832,-0.007737884943873677,0.9999999999999986,0.0024543567467658627,0.005062396997856129,0.02303502071790865,-0.016999055758802284,0.03527741589461574,-0.010701649417579872,-0.023854829464978213,0.018987941922246395,0.0026474676446935235,0.016347181731714365,0.0037041728034502503,-0.007570085650645827,0.01538170683112288
odor,0.06000839677026539,0.09437432617669793,0.057577169960549665,0.02966537736858453,0.0004059339238751544,0.06812184372585056,0.006763982413725261,0.043184920109343945,0.03309511413112266,0.07654232708680628,0.08436924518132632,0.07382190923289099,0.043747735096039485,-0.01668384163185089,0.006040486669913794,0.07830213033198521,0.10490166848198221,0.0024864837261601254,0.019552838178879078,0.02598580589805142,0.14072338574500481,0.05678281161195253,0.047119936401635434,0.04549718286261775,0.008998250103204623,0.01966550870312737,0.056781588670891135,0.060846074508652405,0.028997956422221558,0.0024543567467658627,1.0000000000000004,0.03119838814546608,0.08105043499642405,-0.019194968810105316,0.1119738068421678,0.024395388232671417,0.029351722094887355,0.00031460417685239147,-0.009635525819805533,0.01381686104048931,0.045582317607667976,-0.021375957930813795,0.05042152471325593
ovulation,-0.016292693174580333,-0.022953389964936184,0.0877758559993517,0.03375584710316251,0.014158695106108394,0.028473024338623722,-0.004865980233233635,-0.0028316445022371207,0.004400009421990521,0.0019228637672062813,-0.01187799062457834,0.01335948717055944,0.09201942859555329,-0.016324878487849418,-0.01243033335488245,0.0215829966273027,0.013250938836746872,-0.007816110946795964,-0.027776130466528576,0.07382821108930122,0.006968473327628912,-0.017947683453884918,0.04654205501304945,-0.006763583190199649,-0.021997084078128806,0.009394938382794782,0.03830336234284921,0.011227895330973944,-0.02531417266611035,0.005062396997856129,0.03119838814546608,1.0000000000000013,0.20718251820483077,-0.00489449709542769,0.0604167751556164,0.40623578190481446,-0.0018670799163059083,0.030354644735110087,0.590526688847671,-0.0029090939129138827,0.020387882689922202,0.044291650924275366,-0.01195181874220496
ovulation_pain,0.01116624696845863,0.043876371516967966,0.12667026983312127,-0.014712393776326311,0.02528345616047824,0.03460636442761011,-0.006593897089567154,0.14340093025211215,0.11230629054499182,0.1799062790517171,-0.02131075347323457,0.028749624450619345,0.10992972731619552,0.009541133965663182,0.03151010264788445,0.05984588387763262,0.022508789671326915,-0.010868203095110223,0.04716724789667674,0.09632982004736215,0.01898143471124738,0.007276661913683963,0.0745174285975106,0.044801640537654126,0.01891902968213322,-0.02282605077464031,0.00661481213151411,0.12572897101396102,0.05558782700958977,0.02303502071790865,0.08105043499642405,0.20718251820483077,1.0000000000000007,-0.031688476065543536,0.05233977499260067,-0.00562577928241059,0.09192733359920853,0.05703491192468899,0.05607285322750884,0.12966010491716595,0.09534714615659419,0.019950932885251356,0.06811559624084874
painful_intercourse,-0.02096923787833747,-0.0311978247541456,0.00640105633539131,-0.03689696988983763,0.009426268365820988,-0.017728588485148813,0.0035375960071742122,0.017864376544632854,-0.01371202925181075,0.01511903389077363,0.04773059232751522,-0.005797247319619918,-0.0040329675950006505,-0.004034017113945754,1.3950605017323955e-05,0.03096156267447738,0.005863034888944382,-0.0022034354250310946,0.09574236632755923,-0.02195604680711982,0.0038079923552655865,-0.011586471611274999,0.04350107336862105,0.04947441100119817,0.03286082831761524,-0.03489853282677621,0.02628329222623499,-0.009227668439364284,-0.024356204653733452,-0.016999055758802284,-0.019194968810105316,-0.00489449709542769,-0.031688476065543536,1.0000000000000013,0.04047894466085036,0.09058713313788949,-0.0121516090653279,0.019137340375229052,-0.007409645350237334,0.15315365427072059,-0.03143639083292013,-0.012458011623684064,-0.008790640203351931
ringing_ears,0.010080672713166169,0.04658595946658332,-0.007984230966098498,0.07395610251541451,0.0384473153103301,-0.004549808105227186,-0.004952954657972721,0.0901791428427231,0.17354407784249465,0.03501488443755656,0.07931126168630172,0.18644952259728484,0.11972979818649582,0.013065092887972765,0.013321975455547,0.1499212164810905,0.0574508722067909,0.03983562240729586,0.052013442748987,0.013884492519821936,0.2509012749380359,0.004033501065433918,0.16526926959123509,0.15294113964670436,0.022501010536351326,-0.011823821377818872,0.05276000360289166,0.05980918203201772,0.009826908374167288,0.03527741589461574,0.1119738068421678,0.0604167751556164,0.05233977499260067,0.04047894466085036,0.9999999999999998,0.09882627287615625,-0.006224288675866906,0.032994334772047273,0.027295902544000657,0.03762443300504313,0.011216110565961607,-0.024818143027403844,-0.00959954715482894
sex_drive,0.0410592534308551,-0.0031680458806456167,0.011458346632087283,0.0546592140429452,-0.026082114668677537,0.011690560689920113,-0.004946957214530464,0.03468436178847126,0.06769580941819386,0.026317308274966363,0.03550957478355367,0.01441580708349253,-0.02356928871146999,-0.009571487265094056,0.01408383997679801,0.14221927260401598,0.006537561294320614,0.013973338995363552,0.0014073364406285468,-0.01887780586353622,0.09231668920536001,-0.025026102153722345,-0.013549483479681063,0.04107692422390443,0.012392575978238582,0.031355628272611395,0.11663812840445291,0.03267456927175421,0.002558389302375056,-0.010701649417579872,0.024395388232671417,0.40623578190481446,-0.00562577928241059,0.09058713313788949,0.09882627287615625,1.0000000000000002,-0.023959386828956777,-0.005347202530089163,-0.0073513753980760255,0.07495960677723909,-0.006606523694370415,0.03312419506718181,-0.005414393958478625
spotting,-0.004713877973351483,-0.03938449722628971,0.059585992251935144,-0.008706360513034032,0.1108004503406527,0.04456014964559748,-0.013144914159301644,0.005159147073816517,0.19152660504717814,0.2682959861267437,-0.05970455117419735,0.07885295233669433,0.09803348784533986,0.07090087803305631,-0.007153255741934565,-0.0634057245845331,0.10782868682133374,-0.02749146421868562,0.17445965642094985,0.04109232584771397,-0.022801687129075054,0.014630882975672742,0.08735435206202305,-0.033676054224426336,0.07314145711483722,-0.04583107054445722,0.014321743819985617,0.06977144426272491,0.030493643117584637,-0.023854829464978213,0.029351722094887355,-0.0018670799163059083,0.09192733359920853,-0.0121516090653279,-0.006224288675866906,-0.023959386828956777,1.0000000000000002,-0.017165892721316203,-0.008944883240258793,0.012573243455363385,-0.02074391787062437,-0.0028304387383003616,-0.0077571777935382235
tingling_extremeties,0.11567870858993957,0.1370884372027213,-0.01122432648365499,0.21736349823220577,0.11001705924029515,-0.009993285647777418,0.07171878237282907,0.19667788379271314,0.05919444172769926,0.0012018921006294219,0.17668218332510804,0.14935399863570578,0.13265940986298155,0.02606195891846574,0.1170071916831844,0.06252349526255106,0.16594468172033158,0.024831601902095015,0.2202378591368749,0.03125392033290084,0.1551609087004114,0.1370045722297703,0.048847933865188445,0.2533023962977988,0.25482677194404196,0.09014775786480682,0.07248114623490162,0.3651615802584626,0.09759392963501323,0.018987941922246395,0.00031460417685239147,0.030354644735110087,0.05703491192468899,0.019137340375229052,0.032994334772047273,-0.005347202530089163,-0.017165892721316203,0.9999999999999988,-0.018180307000885847,0.004870293840369976,0.059134016093684294,0.0021683549373449334,0.0069763566904219
uti,-0.016003139195844902,-0.01939977220503645,0.15042772214308064,-0.002501165937800521,0.046613587558268374,0.0257896920577367,-0.006342889078006846,-0.010313209546352913,-0.011767805366443588,-0.01674345996537113,-0.020113896456394272,0.03454934390938216,0.13519237402183015,-0.007972071259463242,-0.00514278060559433,-0.0060342704736143175,-0.02109502874204321,-0.003810350715596283,0.0007774359315323114,0.1303992185303829,0.0007146554283603468,-0.0076213342618901714,0.06210256938276084,-0.013331189439141891,-0.0007659844165012643,-0.012863849809833646,-0.005280693578106766,0.0008121711777931208,-0.01572636594703152,0.0026474676446935235,-0.009635525819805533,0.590526688847671,0.05607285322750884,-0.007409645350237334,0.027295902544000657,-0.0073513753980760255,-0.008944883240258793,-0.018180307000885847,1.0000000000000002,0.00038407558179589125,-0.019196208883467153,-0.0015764418810436283,0.0006180537909796765
vaginal_dryness,0.0008426541283125491,0.012615642888680742,0.08608976301782971,-0.0017588376963354436,0.013307773088776833,0.13216479765953273,0.013980328382202678,0.051145929947701986,0.12238076294171339,-0.011061414934482969,0.03714909346141724,0.024874670278373645,0.03760104048813448,0.22157177185993016,0.013072332648093118,0.023045208293342893,0.03985340233542097,0.0050955374860393665,0.018967277534313678,0.0007426376152309313,0.04175396658062251,0.061369696341541234,0.04813963366257949,0.08182178184334689,0.04098355842306266,0.027265541942831595,0.03471028117566533,0.04354201013139796,-0.0013675879484638133,0.016347181731714365,0.01381686104048931,-0.0029090939129138827,0.12966010491716595,0.15315365427072059,0.03762443300504313,0.07495960677723909,0.012573243455363385,0.004870293840369976,0.00038407558179589125,1.0000000000000004,0.04480202071077645,0.005761397655217904,0.2809503599813223
vertigo,-0.01743190627582724,0.012712175089562471,-0.013299896039346093,0.0482168257838601,0.011659301049222885,0.025234316190204976,-0.008897437417018992,0.06944468377580755,0.03026241083109899,0.007751622502986559,-0.029078341796447135,-0.004310756413704343,0.16162605446165926,-0.012809620782881115,0.0009150732943806516,-0.015468891476072723,-0.015399088995582818,-0.0038097909904084527,0.041007547283624504,0.006629166430828043,-0.005950873486888183,0.029841199969479114,0.04741186754321654,0.00019563202483280763,0.018372000940904208,0.03766612542920633,-0.005133507404206224,0.026967669157665256,0.09009762105694943,0.0037041728034502503,0.045582317607667976,0.020387882689922202,0.09534714615659419,-0.03143639083292013,0.011216110565961607,-0.006606523694370415,-0.02074391787062437,0.059134016093684294,-0.019196208883467153,0.04480202071077645,0.9999999999999996,-0.0018742394753333497,0.014161466829468028
vomiting,-0.008256613081055386,-0.017542601961893566,-0.0078019244653338,-0.020299465381259863,0.030169365652507954,0.005761634400086778,-0.007178927459138019,0.016505632100586504,-0.017440841536542625,0.0109621769527109,0.17330504272785488,0.011272306983275965,0.010597704967974316,-0.011698505311760183,0.008023492446653827,-0.02493691772962897,0.22561465069812375,-0.008310974662685275,0.08105157826593912,0.025747741843996155,0.008213150318410946,0.021964286045716524,0.01323592686014298,0.15346093890894694,-0.0057690595075999326,-0.010566891556499564,0.5250030059408193,0.02802067888311186,0.07500884832216995,-0.007570085650645827,-0.021375957930813795,0.044291650924275366,0.019950932885251356,-0.012458011623684064,-0.024818143027403844,0.03312419506718181,-0.0028304387383003616,0.0021683549373449334,-0.0015764418810436283,0.005761397655217904,-0.0018742394753333497,0.9999999999999996,-0.010965972833774741
yeast_infection,-0.004266376581792,0.0238438333720701,0.0011387713259433591,-0.025689328568263333,-0.030914865064633482,0.1631072743673031,-0.008477749160164348,-0.0008152304095976873,0.029612159180534666,0.026861183024266443,-0.02980515667726979,0.03269608144666742,0.015447052799116817,-0.012264726129484633,0.005904353598404084,-0.018033975354492388,0.03684574218400855,-0.00035373731019837726,0.04938421390817381,-0.006265719949390965,0.033425137786820644,0.03236036986760713,-0.029378086314914537,0.04288587074086513,0.011702219835075736,-0.02182636767607323,-0.012122352560256231,-0.005787159096215097,0.09921046371420036,0.01538170683112288,0.05042152471325593,-0.01195181874220496,0.06811559624084874,-0.008790640203351931,-0.00959954715482894,-0.005414393958478625,-0.0077571777935382235,0.0069763566904219,0.0006180537909796765,0.2809503599813223,0.014161466829468028,-0.010965972833774741,0.9999999999999999
